p0,p1,p2,p3
19,11,14,17
3,0,0,0
3,0,0,1
3,0,0,2
3,0,0,3
3,0,0,4
3,0,0,6
3,0,0,7
3,0,0,8
3,0,0,9
3,0,0,11
3,0,0,12
3,0,0,14
3,0,0,15
3,0,0,17
3,0,1,0
19,11,6,2
19,11,6,3
19,11,6,4
19,11,6,6
19,11,6,7
19,11,6,8
19,11,6,9
19,11,6,11
19,11,3,9
19,11,3,11
19,11,3,12
19,11,3,14
19,11,3,15
19,11,3,17
19,11,6,0
19,11,6,1
19,11,3,0
19,11,3,1
19,11,3,2
19,11,3,3
19,11,3,4
19,11,3,6
19,11,3,7
19,11,3,8
19,11,1,7
19,11,1,8
19,11,1,9
19,11,1,11
19,11,1,12
19,11,1,14
19,11,1,15
19,11,1,17
3,0,14,2
3,0,14,3
3,0,14,4
3,0,14,6
3,0,14,7
3,0,14,8
3,0,14,9
3,0,14,11
3,0,8,9
3,0,8,11
3,0,8,12
3,0,8,14
3,0,8,15
3,0,8,17
3,0,14,0
3,0,14,1
3,0,8,0
3,0,8,1
3,0,8,2
3,0,8,3
3,0,8,4
3,0,8,6
3,0,8,7
3,0,8,8
3,0,6,7
3,0,6,8
3,0,6,9
3,0,6,11
3,0,6,12
3,0,6,14
3,0,6,15
3,0,6,17
3,1,1,7
3,1,1,8
3,1,1,9
3,1,1,11
3,1,1,12
3,1,1,14
3,1,1,15
3,1,1,17
3,1,0,15
3,1,0,17
3,1,1,0
3,1,1,1
3,1,1,2
3,1,1,3
3,1,1,4
3,1,1,6
3,1,0,4
3,1,0,6
3,1,0,7
3,1,0,8
3,1,0,9
3,1,0,11
3,1,0,12
3,1,0,14
3,0,14,12
3,0,14,14
3,0,14,15
3,0,14,17
3,1,0,0
3,1,0,1
3,1,0,2
3,1,0,3
3,1,6,12
3,1,6,14
3,1,6,15
3,1,6,17
3,1,8,0
3,1,8,1
3,1,8,2
3,1,8,3
3,1,6,2
3,1,6,3
3,1,6,4
3,1,6,6
3,1,6,7
3,1,6,8
3,1,6,9
3,1,6,11
3,1,3,9
3,1,3,11
3,1,3,12
3,1,3,14
3,1,3,15
3,1,3,17
3,1,6,0
3,1,6,1
3,1,3,0
3,1,3,1
3,1,3,2
3,1,3,3
3,1,3,4
3,1,3,6
3,1,3,7
3,1,3,8
3,2,0,0
3,2,0,1
3,2,0,2
3,2,0,3
3,2,0,4
3,2,0,6
3,2,0,7
3,2,0,8
3,1,14,7
3,1,14,8
3,1,14,9
3,1,14,11
3,1,14,12
3,1,14,14
3,1,14,15
3,1,14,17
3,1,8,15
3,1,8,17
3,1,14,0
3,1,14,1
3,1,14,2
3,1,14,3
3,1,14,4
3,1,14,6
3,1,8,4
3,1,8,6
3,1,8,7
3,1,8,8
3,1,8,9
3,1,8,11
3,1,8,12
3,1,8,14
3,2,3,4
3,2,3,6
3,2,3,7
3,2,3,8
3,2,3,9
3,2,3,11
3,2,3,12
3,2,3,14
3,2,1,12
3,2,1,14
3,2,1,15
3,2,1,17
3,2,3,0
3,2,3,1
3,2,3,2
3,2,3,3
3,2,1,2
3,2,1,3
3,2,1,4
3,2,1,6
3,2,1,7
3,2,1,8
3,2,1,9
3,2,1,11
3,2,0,9
3,2,0,11
3,2,0,12
3,2,0,14
3,2,0,15
3,2,0,17
3,2,1,0
3,2,1,1
3,2,8,9
3,2,8,11
3,2,8,12
3,2,8,14
3,2,8,15
3,2,8,17
3,2,14,0
3,2,14,1
3,2,8,0
3,2,8,1
3,2,8,2
3,2,8,3
3,2,8,4
3,2,8,6
3,2,8,7
3,2,8,8
3,2,6,7
3,2,6,8
3,2,6,9
3,2,6,11
3,2,6,12
3,2,6,14
3,2,6,15
3,2,6,17
3,2,3,15
3,2,3,17
3,2,6,0
3,2,6,1
3,2,6,2
3,2,6,3
3,2,6,4
3,2,6,6
3,6,0,15
3,6,0,17
3,6,1,0
3,6,1,1
3,6,1,2
3,6,1,3
3,6,1,4
3,6,1,6
3,6,0,4
3,6,0,6
3,6,0,7
3,6,0,8
3,6,0,9
3,6,0,11
3,6,0,12
3,6,0,14
3,2,14,12
3,2,14,14
3,2,14,15
3,2,14,17
3,6,0,0
3,6,0,1
3,6,0,2
3,6,0,3
3,2,14,2
3,2,14,3
3,2,14,4
3,2,14,6
3,2,14,7
3,2,14,8
3,2,14,9
3,2,14,11
3,6,6,2
3,6,6,3
3,6,6,4
3,6,6,6
3,6,6,7
3,6,6,8
3,6,6,9
3,6,6,11
3,6,3,9
3,6,3,11
3,6,3,12
3,6,3,14
3,6,3,15
3,6,3,17
3,6,6,0
3,6,6,1
3,6,3,0
3,6,3,1
3,6,3,2
3,6,3,3
3,6,3,4
3,6,3,6
3,6,3,7
3,6,3,8
3,6,1,7
3,6,1,8
3,6,1,9
3,6,1,11
3,6,1,12
3,6,1,14
3,6,1,15
3,6,1,17
3,6,14,7
3,6,14,8
3,6,14,9
3,6,14,11
3,6,14,12
3,6,14,14
3,6,14,15
3,6,14,17
3,6,8,15
3,6,8,17
3,6,14,0
3,6,14,1
3,6,14,2
3,6,14,3
3,6,14,4
3,6,14,6
3,6,8,4
3,6,8,6
3,6,8,7
3,6,8,8
3,6,8,9
3,6,8,11
3,6,8,12
3,6,8,14
3,6,6,12
3,6,6,14
3,6,6,15
3,6,6,17
3,6,8,0
3,6,8,1
3,6,8,2
3,6,8,3
3,7,1,12
3,7,1,14
3,7,1,15
3,7,1,17
3,7,3,0
3,7,3,1
3,7,3,2
3,7,3,3
3,7,1,2
3,7,1,3
3,7,1,4
3,7,1,6
3,7,1,7
3,7,1,8
3,7,1,9
3,7,1,11
3,7,0,9
3,7,0,11
3,7,0,12
3,7,0,14
3,7,0,15
3,7,0,17
3,7,1,0
3,7,1,1
3,7,0,0
3,7,0,1
3,7,0,2
3,7,0,3
3,7,0,4
3,7,0,6
3,7,0,7
3,7,0,8
3,7,8,0
3,7,8,1
3,7,8,2
3,7,8,3
3,7,8,4
3,7,8,6
3,7,8,7
3,7,8,8
3,7,6,7
3,7,6,8
3,7,6,9
3,7,6,11
3,7,6,12
3,7,6,14
3,7,6,15
3,7,6,17
3,7,3,15
3,7,3,17
3,7,6,0
3,7,6,1
3,7,6,2
3,7,6,3
3,7,6,4
3,7,6,6
3,7,3,4
3,7,3,6
3,7,3,7
3,7,3,8
3,7,3,9
3,7,3,11
3,7,3,12
3,7,3,14
3,11,0,4
3,11,0,6
3,11,0,7
3,11,0,8
3,11,0,9
3,11,0,11
3,11,0,12
3,11,0,14
3,7,14,12
3,7,14,14
3,7,14,15
3,7,14,17
3,11,0,0
3,11,0,1
3,11,0,2
3,11,0,3
3,7,14,2
3,7,14,3
3,7,14,4
3,7,14,6
3,7,14,7
3,7,14,8
3,7,14,9
3,7,14,11
3,7,8,9
3,7,8,11
3,7,8,12
3,7,8,14
3,7,8,15
3,7,8,17
3,7,14,0
3,7,14,1
3,11,3,9
3,11,3,11
3,11,3,12
3,11,3,14
3,11,3,15
3,11,3,17
3,11,6,0
3,11,6,1
3,11,3,0
3,11,3,1
3,11,3,2
3,11,3,3
3,11,3,4
3,11,3,6
3,11,3,7
3,11,3,8
3,11,1,7
3,11,1,8
3,11,1,9
3,11,1,11
3,11,1,12
3,11,1,14
3,11,1,15
3,11,1,17
3,11,0,15
3,11,0,17
3,11,1,0
3,11,1,1
3,11,1,2
3,11,1,3
3,11,1,4
3,11,1,6
3,11,8,15
3,11,8,17
3,11,14,0
3,11,14,1
3,11,14,2
3,11,14,3
3,11,14,4
3,11,14,6
3,11,8,4
3,11,8,6
3,11,8,7
3,11,8,8
3,11,8,9
3,11,8,11
3,11,8,12
3,11,8,14
3,11,6,12
3,11,6,14
3,11,6,15
3,11,6,17
3,11,8,0
3,11,8,1
3,11,8,2
3,11,8,3
3,11,6,2
3,11,6,3
3,11,6,4
3,11,6,6
3,11,6,7
3,11,6,8
3,11,6,9
3,11,6,11
4,0,1,2
4,0,1,3
4,0,1,4
4,0,1,6
4,0,1,7
4,0,1,8
4,0,1,9
4,0,1,11
4,0,0,9
4,0,0,11
4,0,0,12
4,0,0,14
4,0,0,15
4,0,0,17
4,0,1,0
4,0,1,1
4,0,0,0
4,0,0,1
4,0,0,2
4,0,0,3
4,0,0,4
4,0,0,6
4,0,0,7
4,0,0,8
3,11,14,7
3,11,14,8
3,11,14,9
3,11,14,11
3,11,14,12
3,11,14,14
3,11,14,15
3,11,14,17
4,0,6,7
4,0,6,8
4,0,6,9
4,0,6,11
4,0,6,12
4,0,6,14
4,0,6,15
4,0,6,17
4,0,3,15
4,0,3,17
4,0,6,0
4,0,6,1
4,0,6,2
4,0,6,3
4,0,6,4
4,0,6,6
4,0,3,4
4,0,3,6
4,0,3,7
4,0,3,8
4,0,3,9
4,0,3,11
4,0,3,12
4,0,3,14
4,0,1,12
4,0,1,14
4,0,1,15
4,0,1,17
4,0,3,0
4,0,3,1
4,0,3,2
4,0,3,3
4,0,14,12
4,0,14,14
4,0,14,15
4,0,14,17
4,1,0,0
4,1,0,1
4,1,0,2
4,1,0,3
4,0,14,2
4,0,14,3
4,0,14,4
4,0,14,6
4,0,14,7
4,0,14,8
4,0,14,9
4,0,14,11
4,0,8,9
4,0,8,11
4,0,8,12
4,0,8,14
4,0,8,15
4,0,8,17
4,0,14,0
4,0,14,1
4,0,8,0
4,0,8,1
4,0,8,2
4,0,8,3
4,0,8,4
4,0,8,6
4,0,8,7
4,0,8,8
4,1,3,0
4,1,3,1
4,1,3,2
4,1,3,3
4,1,3,4
4,1,3,6
4,1,3,7
4,1,3,8
4,1,1,7
4,1,1,8
4,1,1,9
4,1,1,11
4,1,1,12
4,1,1,14
4,1,1,15
4,1,1,17
4,1,0,15
4,1,0,17
4,1,1,0
4,1,1,1
4,1,1,2
4,1,1,3
4,1,1,4
4,1,1,6
4,1,0,4
4,1,0,6
4,1,0,7
4,1,0,8
4,1,0,9
4,1,0,11
4,1,0,12
4,1,0,14
4,1,8,4
4,1,8,6
4,1,8,7
4,1,8,8
4,1,8,9
4,1,8,11
4,1,8,12
4,1,8,14
4,1,6,12
4,1,6,14
4,1,6,15
4,1,6,17
4,1,8,0
4,1,8,1
4,1,8,2
4,1,8,3
4,1,6,2
4,1,6,3
4,1,6,4
4,1,6,6
4,1,6,7
4,1,6,8
4,1,6,9
4,1,6,11
4,1,3,9
4,1,3,11
4,1,3,12
4,1,3,14
4,1,3,15
4,1,3,17
4,1,6,0
4,1,6,1
4,2,0,9
4,2,0,11
4,2,0,12
4,2,0,14
4,2,0,15
4,2,0,17
4,2,1,0
4,2,1,1
4,2,0,0
4,2,0,1
4,2,0,2
4,2,0,3
4,2,0,4
4,2,0,6
4,2,0,7
4,2,0,8
4,1,14,7
4,1,14,8
4,1,14,9
4,1,14,11
4,1,14,12
4,1,14,14
4,1,14,15
4,1,14,17
4,1,8,15
4,1,8,17
4,1,14,0
4,1,14,1
4,1,14,2
4,1,14,3
4,1,14,4
4,1,14,6
4,2,3,15
4,2,3,17
4,2,6,0
4,2,6,1
4,2,6,2
4,2,6,3
4,2,6,4
4,2,6,6
4,2,3,4
4,2,3,6
4,2,3,7
4,2,3,8
4,2,3,9
4,2,3,11
4,2,3,12
4,2,3,14
4,2,1,12
4,2,1,14
4,2,1,15
4,2,1,17
4,2,3,0
4,2,3,1
4,2,3,2
4,2,3,3
4,2,1,2
4,2,1,3
4,2,1,4
4,2,1,6
4,2,1,7
4,2,1,8
4,2,1,9
4,2,1,11
4,2,14,2
4,2,14,3
4,2,14,4
4,2,14,6
4,2,14,7
4,2,14,8
4,2,14,9
4,2,14,11
4,2,8,9
4,2,8,11
4,2,8,12
4,2,8,14
4,2,8,15
4,2,8,17
4,2,14,0
4,2,14,1
4,2,8,0
4,2,8,1
4,2,8,2
4,2,8,3
4,2,8,4
4,2,8,6
4,2,8,7
4,2,8,8
4,2,6,7
4,2,6,8
4,2,6,9
4,2,6,11
4,2,6,12
4,2,6,14
4,2,6,15
4,2,6,17
4,6,1,7
4,6,1,8
4,6,1,9
4,6,1,11
4,6,1,12
4,6,1,14
4,6,1,15
4,6,1,17
4,6,0,15
4,6,0,17
4,6,1,0
4,6,1,1
4,6,1,2
4,6,1,3
4,6,1,4
4,6,1,6
4,6,0,4
4,6,0,6
4,6,0,7
4,6,0,8
4,6,0,9
4,6,0,11
4,6,0,12
4,6,0,14
4,2,14,12
4,2,14,14
4,2,14,15
4,2,14,17
4,6,0,0
4,6,0,1
4,6,0,2
4,6,0,3
4,6,6,12
4,6,6,14
4,6,6,15
4,6,6,17
4,6,8,0
4,6,8,1
4,6,8,2
4,6,8,3
4,6,6,2
4,6,6,3
4,6,6,4
4,6,6,6
4,6,6,7
4,6,6,8
4,6,6,9
4,6,6,11
4,6,3,9
4,6,3,11
4,6,3,12
4,6,3,14
4,6,3,15
4,6,3,17
4,6,6,0
4,6,6,1
4,6,3,0
4,6,3,1
4,6,3,2
4,6,3,3
4,6,3,4
4,6,3,6
4,6,3,7
4,6,3,8
4,7,0,0
4,7,0,1
4,7,0,2
4,7,0,3
4,7,0,4
4,7,0,6
4,7,0,7
4,7,0,8
4,6,14,7
4,6,14,8
4,6,14,9
4,6,14,11
4,6,14,12
4,6,14,14
4,6,14,15
4,6,14,17
4,6,8,15
4,6,8,17
4,6,14,0
4,6,14,1
4,6,14,2
4,6,14,3
4,6,14,4
4,6,14,6
4,6,8,4
4,6,8,6
4,6,8,7
4,6,8,8
4,6,8,9
4,6,8,11
4,6,8,12
4,6,8,14
4,7,3,4
4,7,3,6
4,7,3,7
4,7,3,8
4,7,3,9
4,7,3,11
4,7,3,12
4,7,3,14
4,7,1,12
4,7,1,14
4,7,1,15
4,7,1,17
4,7,3,0
4,7,3,1
4,7,3,2
4,7,3,3
4,7,1,2
4,7,1,3
4,7,1,4
4,7,1,6
4,7,1,7
4,7,1,8
4,7,1,9
4,7,1,11
4,7,0,9
4,7,0,11
4,7,0,12
4,7,0,14
4,7,0,15
4,7,0,17
4,7,1,0
4,7,1,1
4,7,8,9
4,7,8,11
4,7,8,12
4,7,8,14
4,7,8,15
4,7,8,17
4,7,14,0
4,7,14,1
4,7,8,0
4,7,8,1
4,7,8,2
4,7,8,3
4,7,8,4
4,7,8,6
4,7,8,7
4,7,8,8
4,7,6,7
4,7,6,8
4,7,6,9
4,7,6,11
4,7,6,12
4,7,6,14
4,7,6,15
4,7,6,17
4,7,3,15
4,7,3,17
4,7,6,0
4,7,6,1
4,7,6,2
4,7,6,3
4,7,6,4
4,7,6,6
4,11,0,15
4,11,0,17
4,11,1,0
4,11,1,1
4,11,1,2
4,11,1,3
4,11,1,4
4,11,1,6
4,11,0,4
4,11,0,6
4,11,0,7
4,11,0,8
4,11,0,9
4,11,0,11
4,11,0,12
4,11,0,14
4,7,14,12
4,7,14,14
4,7,14,15
4,7,14,17
4,11,0,0
4,11,0,1
4,11,0,2
4,11,0,3
4,7,14,2
4,7,14,3
4,7,14,4
4,7,14,6
4,7,14,7
4,7,14,8
4,7,14,9
4,7,14,11
4,11,6,2
4,11,6,3
4,11,6,4
4,11,6,6
4,11,6,7
4,11,6,8
4,11,6,9
4,11,6,11
4,11,3,9
4,11,3,11
4,11,3,12
4,11,3,14
4,11,3,15
4,11,3,17
4,11,6,0
4,11,6,1
4,11,3,0
4,11,3,1
4,11,3,2
4,11,3,3
4,11,3,4
4,11,3,6
4,11,3,7
4,11,3,8
4,11,1,7
4,11,1,8
4,11,1,9
4,11,1,11
4,11,1,12
4,11,1,14
4,11,1,15
4,11,1,17
4,11,14,7
4,11,14,8
4,11,14,9
4,11,14,11
4,11,14,12
4,11,14,14
4,11,14,15
4,11,14,17
4,11,8,15
4,11,8,17
4,11,14,0
4,11,14,1
4,11,14,2
4,11,14,3
4,11,14,4
4,11,14,6
4,11,8,4
4,11,8,6
4,11,8,7
4,11,8,8
4,11,8,9
4,11,8,11
4,11,8,12
4,11,8,14
4,11,6,12
4,11,6,14
4,11,6,15
4,11,6,17
4,11,8,0
4,11,8,1
4,11,8,2
4,11,8,3
5,0,1,12
5,0,1,14
5,0,1,15
5,0,1,17
5,0,3,0
5,0,3,1
5,0,3,2
5,0,3,3
5,0,1,2
5,0,1,3
5,0,1,4
5,0,1,6
5,0,1,7
5,0,1,8
5,0,1,9
5,0,1,11
5,0,0,9
5,0,0,11
5,0,0,12
5,0,0,14
5,0,0,15
5,0,0,17
5,0,1,0
5,0,1,1
5,0,0,0
5,0,0,1
5,0,0,2
5,0,0,3
5,0,0,4
5,0,0,6
5,0,0,7
5,0,0,8
5,0,8,0
5,0,8,1
5,0,8,2
5,0,8,3
5,0,8,4
5,0,8,6
5,0,8,7
5,0,8,8
5,0,6,7
5,0,6,8
5,0,6,9
5,0,6,11
5,0,6,12
5,0,6,14
5,0,6,15
5,0,6,17
5,0,3,15
5,0,3,17
5,0,6,0
5,0,6,1
5,0,6,2
5,0,6,3
5,0,6,4
5,0,6,6
5,0,3,4
5,0,3,6
5,0,3,7
5,0,3,8
5,0,3,9
5,0,3,11
5,0,3,12
5,0,3,14
5,1,0,4
5,1,0,6
5,1,0,7
5,1,0,8
5,1,0,9
5,1,0,11
5,1,0,12
5,1,0,14
5,0,14,12
5,0,14,14
5,0,14,15
5,0,14,17
5,1,0,0
5,1,0,1
5,1,0,2
5,1,0,3
5,0,14,2
5,0,14,3
5,0,14,4
5,0,14,6
5,0,14,7
5,0,14,8
5,0,14,9
5,0,14,11
5,0,8,9
5,0,8,11
5,0,8,12
5,0,8,14
5,0,8,15
5,0,8,17
5,0,14,0
5,0,14,1
5,1,3,9
5,1,3,11
5,1,3,12
5,1,3,14
5,1,3,15
5,1,3,17
5,1,6,0
5,1,6,1
5,1,3,0
5,1,3,1
5,1,3,2
5,1,3,3
5,1,3,4
5,1,3,6
5,1,3,7
5,1,3,8
5,1,1,7
5,1,1,8
5,1,1,9
5,1,1,11
5,1,1,12
5,1,1,14
5,1,1,15
5,1,1,17
5,1,0,15
5,1,0,17
5,1,1,0
5,1,1,1
5,1,1,2
5,1,1,3
5,1,1,4
5,1,1,6
5,1,8,15
5,1,8,17
5,1,14,0
5,1,14,1
5,1,14,2
5,1,14,3
5,1,14,4
5,1,14,6
5,1,8,4
5,1,8,6
5,1,8,7
5,1,8,8
5,1,8,9
5,1,8,11
5,1,8,12
5,1,8,14
5,1,6,12
5,1,6,14
5,1,6,15
5,1,6,17
5,1,8,0
5,1,8,1
5,1,8,2
5,1,8,3
5,1,6,2
5,1,6,3
5,1,6,4
5,1,6,6
5,1,6,7
5,1,6,8
5,1,6,9
5,1,6,11
5,2,1,2
5,2,1,3
5,2,1,4
5,2,1,6
5,2,1,7
5,2,1,8
5,2,1,9
5,2,1,11
5,2,0,9
5,2,0,11
5,2,0,12
5,2,0,14
5,2,0,15
5,2,0,17
5,2,1,0
5,2,1,1
5,2,0,0
5,2,0,1
5,2,0,2
5,2,0,3
5,2,0,4
5,2,0,6
5,2,0,7
5,2,0,8
5,1,14,7
5,1,14,8
5,1,14,9
5,1,14,11
5,1,14,12
5,1,14,14
5,1,14,15
5,1,14,17
5,2,6,7
5,2,6,8
5,2,6,9
5,2,6,11
5,2,6,12
5,2,6,14
5,2,6,15
5,2,6,17
5,2,3,15
5,2,3,17
5,2,6,0
5,2,6,1
5,2,6,2
5,2,6,3
5,2,6,4
5,2,6,6
5,2,3,4
5,2,3,6
5,2,3,7
5,2,3,8
5,2,3,9
5,2,3,11
5,2,3,12
5,2,3,14
5,2,1,12
5,2,1,14
5,2,1,15
5,2,1,17
5,2,3,0
5,2,3,1
5,2,3,2
5,2,3,3
5,2,14,12
5,2,14,14
5,2,14,15
5,2,14,17
5,6,0,0
5,6,0,1
5,6,0,2
5,6,0,3
5,2,14,2
5,2,14,3
5,2,14,4
5,2,14,6
5,2,14,7
5,2,14,8
5,2,14,9
5,2,14,11
5,2,8,9
5,2,8,11
5,2,8,12
5,2,8,14
5,2,8,15
5,2,8,17
5,2,14,0
5,2,14,1
5,2,8,0
5,2,8,1
5,2,8,2
5,2,8,3
5,2,8,4
5,2,8,6
5,2,8,7
5,2,8,8
5,6,3,0
5,6,3,1
5,6,3,2
5,6,3,3
5,6,3,4
5,6,3,6
5,6,3,7
5,6,3,8
5,6,1,7
5,6,1,8
5,6,1,9
5,6,1,11
5,6,1,12
5,6,1,14
5,6,1,15
5,6,1,17
5,6,0,15
5,6,0,17
5,6,1,0
5,6,1,1
5,6,1,2
5,6,1,3
5,6,1,4
5,6,1,6
5,6,0,4
5,6,0,6
5,6,0,7
5,6,0,8
5,6,0,9
5,6,0,11
5,6,0,12
5,6,0,14
5,6,8,4
5,6,8,6
5,6,8,7
5,6,8,8
5,6,8,9
5,6,8,11
5,6,8,12
5,6,8,14
5,6,6,12
5,6,6,14
5,6,6,15
5,6,6,17
5,6,8,0
5,6,8,1
5,6,8,2
5,6,8,3
5,6,6,2
5,6,6,3
5,6,6,4
5,6,6,6
5,6,6,7
5,6,6,8
5,6,6,9
5,6,6,11
5,6,3,9
5,6,3,11
5,6,3,12
5,6,3,14
5,6,3,15
5,6,3,17
5,6,6,0
5,6,6,1
5,7,0,9
5,7,0,11
5,7,0,12
5,7,0,14
5,7,0,15
5,7,0,17
5,7,1,0
5,7,1,1
5,7,0,0
5,7,0,1
5,7,0,2
5,7,0,3
5,7,0,4
5,7,0,6
5,7,0,7
5,7,0,8
5,6,14,7
5,6,14,8
5,6,14,9
5,6,14,11
5,6,14,12
5,6,14,14
5,6,14,15
5,6,14,17
5,6,8,15
5,6,8,17
5,6,14,0
5,6,14,1
5,6,14,2
5,6,14,3
5,6,14,4
5,6,14,6
5,7,3,15
5,7,3,17
5,7,6,0
5,7,6,1
5,7,6,2
5,7,6,3
5,7,6,4
5,7,6,6
5,7,3,4
5,7,3,6
5,7,3,7
5,7,3,8
5,7,3,9
5,7,3,11
5,7,3,12
5,7,3,14
5,7,1,12
5,7,1,14
5,7,1,15
5,7,1,17
5,7,3,0
5,7,3,1
5,7,3,2
5,7,3,3
5,7,1,2
5,7,1,3
5,7,1,4
5,7,1,6
5,7,1,7
5,7,1,8
5,7,1,9
5,7,1,11
5,7,14,2
5,7,14,3
5,7,14,4
5,7,14,6
5,7,14,7
5,7,14,8
5,7,14,9
5,7,14,11
5,7,8,9
5,7,8,11
5,7,8,12
5,7,8,14
5,7,8,15
5,7,8,17
5,7,14,0
5,7,14,1
5,7,8,0
5,7,8,1
5,7,8,2
5,7,8,3
5,7,8,4
5,7,8,6
5,7,8,7
5,7,8,8
5,7,6,7
5,7,6,8
5,7,6,9
5,7,6,11
5,7,6,12
5,7,6,14
5,7,6,15
5,7,6,17
5,11,1,7
5,11,1,8
5,11,1,9
5,11,1,11
5,11,1,12
5,11,1,14
5,11,1,15
5,11,1,17
5,11,0,15
5,11,0,17
5,11,1,0
5,11,1,1
5,11,1,2
5,11,1,3
5,11,1,4
5,11,1,6
5,11,0,4
5,11,0,6
5,11,0,7
5,11,0,8
5,11,0,9
5,11,0,11
5,11,0,12
5,11,0,14
5,7,14,12
5,7,14,14
5,7,14,15
5,7,14,17
5,11,0,0
5,11,0,1
5,11,0,2
5,11,0,3
5,11,6,12
5,11,6,14
5,11,6,15
5,11,6,17
5,11,8,0
5,11,8,1
5,11,8,2
5,11,8,3
5,11,6,2
5,11,6,3
5,11,6,4
5,11,6,6
5,11,6,7
5,11,6,8
5,11,6,9
5,11,6,11
5,11,3,9
5,11,3,11
5,11,3,12
5,11,3,14
5,11,3,15
5,11,3,17
5,11,6,0
5,11,6,1
5,11,3,0
5,11,3,1
5,11,3,2
5,11,3,3
5,11,3,4
5,11,3,6
5,11,3,7
5,11,3,8
8,0,0,0
8,0,0,1
8,0,0,2
8,0,0,3
8,0,0,4
8,0,0,6
8,0,0,7
8,0,0,8
5,11,14,7
5,11,14,8
5,11,14,9
5,11,14,11
5,11,14,12
5,11,14,14
5,11,14,15
5,11,14,17
5,11,8,15
5,11,8,17
5,11,14,0
5,11,14,1
5,11,14,2
5,11,14,3
5,11,14,4
5,11,14,6
5,11,8,4
5,11,8,6
5,11,8,7
5,11,8,8
5,11,8,9
5,11,8,11
5,11,8,12
5,11,8,14
8,0,3,4
8,0,3,6
8,0,3,7
8,0,3,8
8,0,3,9
8,0,3,11
8,0,3,12
8,0,3,14
8,0,1,12
8,0,1,14
8,0,1,15
8,0,1,17
8,0,3,0
8,0,3,1
8,0,3,2
8,0,3,3
8,0,1,2
8,0,1,3
8,0,1,4
8,0,1,6
8,0,1,7
8,0,1,8
8,0,1,9
8,0,1,11
8,0,0,9
8,0,0,11
8,0,0,12
8,0,0,14
8,0,0,15
8,0,0,17
8,0,1,0
8,0,1,1
8,0,8,9
8,0,8,11
8,0,8,12
8,0,8,14
8,0,8,15
8,0,8,17
8,0,14,0
8,0,14,1
8,0,8,0
8,0,8,1
8,0,8,2
8,0,8,3
8,0,8,4
8,0,8,6
8,0,8,7
8,0,8,8
8,0,6,7
8,0,6,8
8,0,6,9
8,0,6,11
8,0,6,12
8,0,6,14
8,0,6,15
8,0,6,17
8,0,3,15
8,0,3,17
8,0,6,0
8,0,6,1
8,0,6,2
8,0,6,3
8,0,6,4
8,0,6,6
8,1,0,15
8,1,0,17
8,1,1,0
8,1,1,1
8,1,1,2
8,1,1,3
8,1,1,4
8,1,1,6
8,1,0,4
8,1,0,6
8,1,0,7
8,1,0,8
8,1,0,9
8,1,0,11
8,1,0,12
8,1,0,14
8,0,14,12
8,0,14,14
8,0,14,15
8,0,14,17
8,1,0,0
8,1,0,1
8,1,0,2
8,1,0,3
8,0,14,2
8,0,14,3
8,0,14,4
8,0,14,6
8,0,14,7
8,0,14,8
8,0,14,9
8,0,14,11
8,1,6,2
8,1,6,3
8,1,6,4
8,1,6,6
8,1,6,7
8,1,6,8
8,1,6,9
8,1,6,11
8,1,3,9
8,1,3,11
8,1,3,12
8,1,3,14
8,1,3,15
8,1,3,17
8,1,6,0
8,1,6,1
8,1,3,0
8,1,3,1
8,1,3,2
8,1,3,3
8,1,3,4
8,1,3,6
8,1,3,7
8,1,3,8
8,1,1,7
8,1,1,8
8,1,1,9
8,1,1,11
8,1,1,12
8,1,1,14
8,1,1,15
8,1,1,17
8,1,14,7
8,1,14,8
8,1,14,9
8,1,14,11
8,1,14,12
8,1,14,14
8,1,14,15
8,1,14,17
8,1,8,15
8,1,8,17
8,1,14,0
8,1,14,1
8,1,14,2
8,1,14,3
8,1,14,4
8,1,14,6
8,1,8,4
8,1,8,6
8,1,8,7
8,1,8,8
8,1,8,9
8,1,8,11
8,1,8,12
8,1,8,14
8,1,6,12
8,1,6,14
8,1,6,15
8,1,6,17
8,1,8,0
8,1,8,1
8,1,8,2
8,1,8,3
8,2,1,12
8,2,1,14
8,2,1,15
8,2,1,17
8,2,3,0
8,2,3,1
8,2,3,2
8,2,3,3
8,2,1,2
8,2,1,3
8,2,1,4
8,2,1,6
8,2,1,7
8,2,1,8
8,2,1,9
8,2,1,11
8,2,0,9
8,2,0,11
8,2,0,12
8,2,0,14
8,2,0,15
8,2,0,17
8,2,1,0
8,2,1,1
8,2,0,0
8,2,0,1
8,2,0,2
8,2,0,3
8,2,0,4
8,2,0,6
8,2,0,7
8,2,0,8
8,2,8,0
8,2,8,1
8,2,8,2
8,2,8,3
8,2,8,4
8,2,8,6
8,2,8,7
8,2,8,8
8,2,6,7
8,2,6,8
8,2,6,9
8,2,6,11
8,2,6,12
8,2,6,14
8,2,6,15
8,2,6,17
8,2,3,15
8,2,3,17
8,2,6,0
8,2,6,1
8,2,6,2
8,2,6,3
8,2,6,4
8,2,6,6
8,2,3,4
8,2,3,6
8,2,3,7
8,2,3,8
8,2,3,9
8,2,3,11
8,2,3,12
8,2,3,14
8,6,0,4
8,6,0,6
8,6,0,7
8,6,0,8
8,6,0,9
8,6,0,11
8,6,0,12
8,6,0,14
8,2,14,12
8,2,14,14
8,2,14,15
8,2,14,17
8,6,0,0
8,6,0,1
8,6,0,2
8,6,0,3
8,2,14,2
8,2,14,3
8,2,14,4
8,2,14,6
8,2,14,7
8,2,14,8
8,2,14,9
8,2,14,11
8,2,8,9
8,2,8,11
8,2,8,12
8,2,8,14
8,2,8,15
8,2,8,17
8,2,14,0
8,2,14,1
8,6,3,9
8,6,3,11
8,6,3,12
8,6,3,14
8,6,3,15
8,6,3,17
8,6,6,0
8,6,6,1
8,6,3,0
8,6,3,1
8,6,3,2
8,6,3,3
8,6,3,4
8,6,3,6
8,6,3,7
8,6,3,8
8,6,1,7
8,6,1,8
8,6,1,9
8,6,1,11
8,6,1,12
8,6,1,14
8,6,1,15
8,6,1,17
8,6,0,15
8,6,0,17
8,6,1,0
8,6,1,1
8,6,1,2
8,6,1,3
8,6,1,4
8,6,1,6
8,6,8,15
8,6,8,17
8,6,14,0
8,6,14,1
8,6,14,2
8,6,14,3
8,6,14,4
8,6,14,6
8,6,8,4
8,6,8,6
8,6,8,7
8,6,8,8
8,6,8,9
8,6,8,11
8,6,8,12
8,6,8,14
8,6,6,12
8,6,6,14
8,6,6,15
8,6,6,17
8,6,8,0
8,6,8,1
8,6,8,2
8,6,8,3
8,6,6,2
8,6,6,3
8,6,6,4
8,6,6,6
8,6,6,7
8,6,6,8
8,6,6,9
8,6,6,11
8,7,1,2
8,7,1,3
8,7,1,4
8,7,1,6
8,7,1,7
8,7,1,8
8,7,1,9
8,7,1,11
8,7,0,9
8,7,0,11
8,7,0,12
8,7,0,14
8,7,0,15
8,7,0,17
8,7,1,0
8,7,1,1
8,7,0,0
8,7,0,1
8,7,0,2
8,7,0,3
8,7,0,4
8,7,0,6
8,7,0,7
8,7,0,8
8,6,14,7
8,6,14,8
8,6,14,9
8,6,14,11
8,6,14,12
8,6,14,14
8,6,14,15
8,6,14,17
8,7,6,7
8,7,6,8
8,7,6,9
8,7,6,11
8,7,6,12
8,7,6,14
8,7,6,15
8,7,6,17
8,7,3,15
8,7,3,17
8,7,6,0
8,7,6,1
8,7,6,2
8,7,6,3
8,7,6,4
8,7,6,6
8,7,3,4
8,7,3,6
8,7,3,7
8,7,3,8
8,7,3,9
8,7,3,11
8,7,3,12
8,7,3,14
8,7,1,12
8,7,1,14
8,7,1,15
8,7,1,17
8,7,3,0
8,7,3,1
8,7,3,2
8,7,3,3
8,7,14,12
8,7,14,14
8,7,14,15
8,7,14,17
8,11,0,0
8,11,0,1
8,11,0,2
8,11,0,3
8,7,14,2
8,7,14,3
8,7,14,4
8,7,14,6
8,7,14,7
8,7,14,8
8,7,14,9
8,7,14,11
8,7,8,9
8,7,8,11
8,7,8,12
8,7,8,14
8,7,8,15
8,7,8,17
8,7,14,0
8,7,14,1
8,7,8,0
8,7,8,1
8,7,8,2
8,7,8,3
8,7,8,4
8,7,8,6
8,7,8,7
8,7,8,8
8,11,3,0
8,11,3,1
8,11,3,2
8,11,3,3
8,11,3,4
8,11,3,6
8,11,3,7
8,11,3,8
8,11,1,7
8,11,1,8
8,11,1,9
8,11,1,11
8,11,1,12
8,11,1,14
8,11,1,15
8,11,1,17
8,11,0,15
8,11,0,17
8,11,1,0
8,11,1,1
8,11,1,2
8,11,1,3
8,11,1,4
8,11,1,6
8,11,0,4
8,11,0,6
8,11,0,7
8,11,0,8
8,11,0,9
8,11,0,11
8,11,0,12
8,11,0,14
8,11,8,4
8,11,8,6
8,11,8,7
8,11,8,8
8,11,8,9
8,11,8,11
8,11,8,12
8,11,8,14
8,11,6,12
8,11,6,14
8,11,6,15
8,11,6,17
8,11,8,0
8,11,8,1
8,11,8,2
8,11,8,3
8,11,6,2
8,11,6,3
8,11,6,4
8,11,6,6
8,11,6,7
8,11,6,8
8,11,6,9
8,11,6,11
8,11,3,9
8,11,3,11
8,11,3,12
8,11,3,14
8,11,3,15
8,11,3,17
8,11,6,0
8,11,6,1
9,0,0,9
9,0,0,11
9,0,0,12
9,0,0,14
9,0,0,15
9,0,0,17
9,0,1,0
9,0,1,1
9,0,0,0
9,0,0,1
9,0,0,2
9,0,0,3
9,0,0,4
9,0,0,6
9,0,0,7
9,0,0,8
8,11,14,7
8,11,14,8
8,11,14,9
8,11,14,11
8,11,14,12
8,11,14,14
8,11,14,15
8,11,14,17
8,11,8,15
8,11,8,17
8,11,14,0
8,11,14,1
8,11,14,2
8,11,14,3
8,11,14,4
8,11,14,6
9,0,3,15
9,0,3,17
9,0,6,0
9,0,6,1
9,0,6,2
9,0,6,3
9,0,6,4
9,0,6,6
9,0,3,4
9,0,3,6
9,0,3,7
9,0,3,8
9,0,3,9
9,0,3,11
9,0,3,12
9,0,3,14
9,0,1,12
9,0,1,14
9,0,1,15
9,0,1,17
9,0,3,0
9,0,3,1
9,0,3,2
9,0,3,3
9,0,1,2
9,0,1,3
9,0,1,4
9,0,1,6
9,0,1,7
9,0,1,8
9,0,1,9
9,0,1,11
9,0,14,2
9,0,14,3
9,0,14,4
9,0,14,6
9,0,14,7
9,0,14,8
9,0,14,9
9,0,14,11
9,0,8,9
9,0,8,11
9,0,8,12
9,0,8,14
9,0,8,15
9,0,8,17
9,0,14,0
9,0,14,1
9,0,8,0
9,0,8,1
9,0,8,2
9,0,8,3
9,0,8,4
9,0,8,6
9,0,8,7
9,0,8,8
9,0,6,7
9,0,6,8
9,0,6,9
9,0,6,11
9,0,6,12
9,0,6,14
9,0,6,15
9,0,6,17
9,1,1,7
9,1,1,8
9,1,1,9
9,1,1,11
9,1,1,12
9,1,1,14
9,1,1,15
9,1,1,17
9,1,0,15
9,1,0,17
9,1,1,0
9,1,1,1
9,1,1,2
9,1,1,3
9,1,1,4
9,1,1,6
9,1,0,4
9,1,0,6
9,1,0,7
9,1,0,8
9,1,0,9
9,1,0,11
9,1,0,12
9,1,0,14
9,0,14,12
9,0,14,14
9,0,14,15
9,0,14,17
9,1,0,0
9,1,0,1
9,1,0,2
9,1,0,3
9,1,6,12
9,1,6,14
9,1,6,15
9,1,6,17
9,1,8,0
9,1,8,1
9,1,8,2
9,1,8,3
9,1,6,2
9,1,6,3
9,1,6,4
9,1,6,6
9,1,6,7
9,1,6,8
9,1,6,9
9,1,6,11
9,1,3,9
9,1,3,11
9,1,3,12
9,1,3,14
9,1,3,15
9,1,3,17
9,1,6,0
9,1,6,1
9,1,3,0
9,1,3,1
9,1,3,2
9,1,3,3
9,1,3,4
9,1,3,6
9,1,3,7
9,1,3,8
9,2,0,0
9,2,0,1
9,2,0,2
9,2,0,3
9,2,0,4
9,2,0,6
9,2,0,7
9,2,0,8
9,1,14,7
9,1,14,8
9,1,14,9
9,1,14,11
9,1,14,12
9,1,14,14
9,1,14,15
9,1,14,17
9,1,8,15
9,1,8,17
9,1,14,0
9,1,14,1
9,1,14,2
9,1,14,3
9,1,14,4
9,1,14,6
9,1,8,4
9,1,8,6
9,1,8,7
9,1,8,8
9,1,8,9
9,1,8,11
9,1,8,12
9,1,8,14
9,2,3,4
9,2,3,6
9,2,3,7
9,2,3,8
9,2,3,9
9,2,3,11
9,2,3,12
9,2,3,14
9,2,1,12
9,2,1,14
9,2,1,15
9,2,1,17
9,2,3,0
9,2,3,1
9,2,3,2
9,2,3,3
9,2,1,2
9,2,1,3
9,2,1,4
9,2,1,6
9,2,1,7
9,2,1,8
9,2,1,9
9,2,1,11
9,2,0,9
9,2,0,11
9,2,0,12
9,2,0,14
9,2,0,15
9,2,0,17
9,2,1,0
9,2,1,1
9,2,8,9
9,2,8,11
9,2,8,12
9,2,8,14
9,2,8,15
9,2,8,17
9,2,14,0
9,2,14,1
9,2,8,0
9,2,8,1
9,2,8,2
9,2,8,3
9,2,8,4
9,2,8,6
9,2,8,7
9,2,8,8
9,2,6,7
9,2,6,8
9,2,6,9
9,2,6,11
9,2,6,12
9,2,6,14
9,2,6,15
9,2,6,17
9,2,3,15
9,2,3,17
9,2,6,0
9,2,6,1
9,2,6,2
9,2,6,3
9,2,6,4
9,2,6,6
9,6,0,15
9,6,0,17
9,6,1,0
9,6,1,1
9,6,1,2
9,6,1,3
9,6,1,4
9,6,1,6
9,6,0,4
9,6,0,6
9,6,0,7
9,6,0,8
9,6,0,9
9,6,0,11
9,6,0,12
9,6,0,14
9,2,14,12
9,2,14,14
9,2,14,15
9,2,14,17
9,6,0,0
9,6,0,1
9,6,0,2
9,6,0,3
9,2,14,2
9,2,14,3
9,2,14,4
9,2,14,6
9,2,14,7
9,2,14,8
9,2,14,9
9,2,14,11
9,6,6,2
9,6,6,3
9,6,6,4
9,6,6,6
9,6,6,7
9,6,6,8
9,6,6,9
9,6,6,11
9,6,3,9
9,6,3,11
9,6,3,12
9,6,3,14
9,6,3,15
9,6,3,17
9,6,6,0
9,6,6,1
9,6,3,0
9,6,3,1
9,6,3,2
9,6,3,3
9,6,3,4
9,6,3,6
9,6,3,7
9,6,3,8
9,6,1,7
9,6,1,8
9,6,1,9
9,6,1,11
9,6,1,12
9,6,1,14
9,6,1,15
9,6,1,17
9,6,14,7
9,6,14,8
9,6,14,9
9,6,14,11
9,6,14,12
9,6,14,14
9,6,14,15
9,6,14,17
9,6,8,15
9,6,8,17
9,6,14,0
9,6,14,1
9,6,14,2
9,6,14,3
9,6,14,4
9,6,14,6
9,6,8,4
9,6,8,6
9,6,8,7
9,6,8,8
9,6,8,9
9,6,8,11
9,6,8,12
9,6,8,14
9,6,6,12
9,6,6,14
9,6,6,15
9,6,6,17
9,6,8,0
9,6,8,1
9,6,8,2
9,6,8,3
9,7,1,12
9,7,1,14
9,7,1,15
9,7,1,17
9,7,3,0
9,7,3,1
9,7,3,2
9,7,3,3
9,7,1,2
9,7,1,3
9,7,1,4
9,7,1,6
9,7,1,7
9,7,1,8
9,7,1,9
9,7,1,11
9,7,0,9
9,7,0,11
9,7,0,12
9,7,0,14
9,7,0,15
9,7,0,17
9,7,1,0
9,7,1,1
9,7,0,0
9,7,0,1
9,7,0,2
9,7,0,3
9,7,0,4
9,7,0,6
9,7,0,7
9,7,0,8
9,7,8,0
9,7,8,1
9,7,8,2
9,7,8,3
9,7,8,4
9,7,8,6
9,7,8,7
9,7,8,8
9,7,6,7
9,7,6,8
9,7,6,9
9,7,6,11
9,7,6,12
9,7,6,14
9,7,6,15
9,7,6,17
9,7,3,15
9,7,3,17
9,7,6,0
9,7,6,1
9,7,6,2
9,7,6,3
9,7,6,4
9,7,6,6
9,7,3,4
9,7,3,6
9,7,3,7
9,7,3,8
9,7,3,9
9,7,3,11
9,7,3,12
9,7,3,14
9,11,0,4
9,11,0,6
9,11,0,7
9,11,0,8
9,11,0,9
9,11,0,11
9,11,0,12
9,11,0,14
9,7,14,12
9,7,14,14
9,7,14,15
9,7,14,17
9,11,0,0
9,11,0,1
9,11,0,2
9,11,0,3
9,7,14,2
9,7,14,3
9,7,14,4
9,7,14,6
9,7,14,7
9,7,14,8
9,7,14,9
9,7,14,11
9,7,8,9
9,7,8,11
9,7,8,12
9,7,8,14
9,7,8,15
9,7,8,17
9,7,14,0
9,7,14,1
9,11,3,9
9,11,3,11
9,11,3,12
9,11,3,14
9,11,3,15
9,11,3,17
9,11,6,0
9,11,6,1
9,11,3,0
9,11,3,1
9,11,3,2
9,11,3,3
9,11,3,4
9,11,3,6
9,11,3,7
9,11,3,8
9,11,1,7
9,11,1,8
9,11,1,9
9,11,1,11
9,11,1,12
9,11,1,14
9,11,1,15
9,11,1,17
9,11,0,15
9,11,0,17
9,11,1,0
9,11,1,1
9,11,1,2
9,11,1,3
9,11,1,4
9,11,1,6
9,11,8,15
9,11,8,17
9,11,14,0
9,11,14,1
9,11,14,2
9,11,14,3
9,11,14,4
9,11,14,6
9,11,8,4
9,11,8,6
9,11,8,7
9,11,8,8
9,11,8,9
9,11,8,11
9,11,8,12
9,11,8,14
9,11,6,12
9,11,6,14
9,11,6,15
9,11,6,17
9,11,8,0
9,11,8,1
9,11,8,2
9,11,8,3
9,11,6,2
9,11,6,3
9,11,6,4
9,11,6,6
9,11,6,7
9,11,6,8
9,11,6,9
9,11,6,11
10,0,1,2
10,0,1,3
10,0,1,4
10,0,1,6
10,0,1,7
10,0,1,8
10,0,1,9
10,0,1,11
10,0,0,9
10,0,0,11
10,0,0,12
10,0,0,14
10,0,0,15
10,0,0,17
10,0,1,0
10,0,1,1
10,0,0,0
10,0,0,1
10,0,0,2
10,0,0,3
10,0,0,4
10,0,0,6
10,0,0,7
10,0,0,8
9,11,14,7
9,11,14,8
9,11,14,9
9,11,14,11
9,11,14,12
9,11,14,14
9,11,14,15
9,11,14,17
10,0,6,7
10,0,6,8
10,0,6,9
10,0,6,11
10,0,6,12
10,0,6,14
10,0,6,15
10,0,6,17
10,0,3,15
10,0,3,17
10,0,6,0
10,0,6,1
10,0,6,2
10,0,6,3
10,0,6,4
10,0,6,6
10,0,3,4
10,0,3,6
10,0,3,7
10,0,3,8
10,0,3,9
10,0,3,11
10,0,3,12
10,0,3,14
10,0,1,12
10,0,1,14
10,0,1,15
10,0,1,17
10,0,3,0
10,0,3,1
10,0,3,2
10,0,3,3
10,0,14,12
10,0,14,14
10,0,14,15
10,0,14,17
10,1,0,0
10,1,0,1
10,1,0,2
10,1,0,3
10,0,14,2
10,0,14,3
10,0,14,4
10,0,14,6
10,0,14,7
10,0,14,8
10,0,14,9
10,0,14,11
10,0,8,9
10,0,8,11
10,0,8,12
10,0,8,14
10,0,8,15
10,0,8,17
10,0,14,0
10,0,14,1
10,0,8,0
10,0,8,1
10,0,8,2
10,0,8,3
10,0,8,4
10,0,8,6
10,0,8,7
10,0,8,8
10,1,3,0
10,1,3,1
10,1,3,2
10,1,3,3
10,1,3,4
10,1,3,6
10,1,3,7
10,1,3,8
10,1,1,7
10,1,1,8
10,1,1,9
10,1,1,11
10,1,1,12
10,1,1,14
10,1,1,15
10,1,1,17
10,1,0,15
10,1,0,17
10,1,1,0
10,1,1,1
10,1,1,2
10,1,1,3
10,1,1,4
10,1,1,6
10,1,0,4
10,1,0,6
10,1,0,7
10,1,0,8
10,1,0,9
10,1,0,11
10,1,0,12
10,1,0,14
10,1,8,4
10,1,8,6
10,1,8,7
10,1,8,8
10,1,8,9
10,1,8,11
10,1,8,12
10,1,8,14
10,1,6,12
10,1,6,14
10,1,6,15
10,1,6,17
10,1,8,0
10,1,8,1
10,1,8,2
10,1,8,3
10,1,6,2
10,1,6,3
10,1,6,4
10,1,6,6
10,1,6,7
10,1,6,8
10,1,6,9
10,1,6,11
10,1,3,9
10,1,3,11
10,1,3,12
10,1,3,14
10,1,3,15
10,1,3,17
10,1,6,0
10,1,6,1
10,2,0,9
10,2,0,11
10,2,0,12
10,2,0,14
10,2,0,15
10,2,0,17
10,2,1,0
10,2,1,1
10,2,0,0
10,2,0,1
10,2,0,2
10,2,0,3
10,2,0,4
10,2,0,6
10,2,0,7
10,2,0,8
10,1,14,7
10,1,14,8
10,1,14,9
10,1,14,11
10,1,14,12
10,1,14,14
10,1,14,15
10,1,14,17
10,1,8,15
10,1,8,17
10,1,14,0
10,1,14,1
10,1,14,2
10,1,14,3
10,1,14,4
10,1,14,6
10,2,3,15
10,2,3,17
10,2,6,0
10,2,6,1
10,2,6,2
10,2,6,3
10,2,6,4
10,2,6,6
10,2,3,4
10,2,3,6
10,2,3,7
10,2,3,8
10,2,3,9
10,2,3,11
10,2,3,12
10,2,3,14
10,2,1,12
10,2,1,14
10,2,1,15
10,2,1,17
10,2,3,0
10,2,3,1
10,2,3,2
10,2,3,3
10,2,1,2
10,2,1,3
10,2,1,4
10,2,1,6
10,2,1,7
10,2,1,8
10,2,1,9
10,2,1,11
10,2,14,2
10,2,14,3
10,2,14,4
10,2,14,6
10,2,14,7
10,2,14,8
10,2,14,9
10,2,14,11
10,2,8,9
10,2,8,11
10,2,8,12
10,2,8,14
10,2,8,15
10,2,8,17
10,2,14,0
10,2,14,1
10,2,8,0
10,2,8,1
10,2,8,2
10,2,8,3
10,2,8,4
10,2,8,6
10,2,8,7
10,2,8,8
10,2,6,7
10,2,6,8
10,2,6,9
10,2,6,11
10,2,6,12
10,2,6,14
10,2,6,15
10,2,6,17
10,6,1,7
10,6,1,8
10,6,1,9
10,6,1,11
10,6,1,12
10,6,1,14
10,6,1,15
10,6,1,17
10,6,0,15
10,6,0,17
10,6,1,0
10,6,1,1
10,6,1,2
10,6,1,3
10,6,1,4
10,6,1,6
10,6,0,4
10,6,0,6
10,6,0,7
10,6,0,8
10,6,0,9
10,6,0,11
10,6,0,12
10,6,0,14
10,2,14,12
10,2,14,14
10,2,14,15
10,2,14,17
10,6,0,0
10,6,0,1
10,6,0,2
10,6,0,3
10,6,6,12
10,6,6,14
10,6,6,15
10,6,6,17
10,6,8,0
10,6,8,1
10,6,8,2
10,6,8,3
10,6,6,2
10,6,6,3
10,6,6,4
10,6,6,6
10,6,6,7
10,6,6,8
10,6,6,9
10,6,6,11
10,6,3,9
10,6,3,11
10,6,3,12
10,6,3,14
10,6,3,15
10,6,3,17
10,6,6,0
10,6,6,1
10,6,3,0
10,6,3,1
10,6,3,2
10,6,3,3
10,6,3,4
10,6,3,6
10,6,3,7
10,6,3,8
10,7,0,0
10,7,0,1
10,7,0,2
10,7,0,3
10,7,0,4
10,7,0,6
10,7,0,7
10,7,0,8
10,6,14,7
10,6,14,8
10,6,14,9
10,6,14,11
10,6,14,12
10,6,14,14
10,6,14,15
10,6,14,17
10,6,8,15
10,6,8,17
10,6,14,0
10,6,14,1
10,6,14,2
10,6,14,3
10,6,14,4
10,6,14,6
10,6,8,4
10,6,8,6
10,6,8,7
10,6,8,8
10,6,8,9
10,6,8,11
10,6,8,12
10,6,8,14
10,7,3,4
10,7,3,6
10,7,3,7
10,7,3,8
10,7,3,9
10,7,3,11
10,7,3,12
10,7,3,14
10,7,1,12
10,7,1,14
10,7,1,15
10,7,1,17
10,7,3,0
10,7,3,1
10,7,3,2
10,7,3,3
10,7,1,2
10,7,1,3
10,7,1,4
10,7,1,6
10,7,1,7
10,7,1,8
10,7,1,9
10,7,1,11
10,7,0,9
10,7,0,11
10,7,0,12
10,7,0,14
10,7,0,15
10,7,0,17
10,7,1,0
10,7,1,1
10,7,8,9
10,7,8,11
10,7,8,12
10,7,8,14
10,7,8,15
10,7,8,17
10,7,14,0
10,7,14,1
10,7,8,0
10,7,8,1
10,7,8,2
10,7,8,3
10,7,8,4
10,7,8,6
10,7,8,7
10,7,8,8
10,7,6,7
10,7,6,8
10,7,6,9
10,7,6,11
10,7,6,12
10,7,6,14
10,7,6,15
10,7,6,17
10,7,3,15
10,7,3,17
10,7,6,0
10,7,6,1
10,7,6,2
10,7,6,3
10,7,6,4
10,7,6,6
10,11,0,15
10,11,0,17
10,11,1,0
10,11,1,1
10,11,1,2
10,11,1,3
10,11,1,4
10,11,1,6
10,11,0,4
10,11,0,6
10,11,0,7
10,11,0,8
10,11,0,9
10,11,0,11
10,11,0,12
10,11,0,14
10,7,14,12
10,7,14,14
10,7,14,15
10,7,14,17
10,11,0,0
10,11,0,1
10,11,0,2
10,11,0,3
10,7,14,2
10,7,14,3
10,7,14,4
10,7,14,6
10,7,14,7
10,7,14,8
10,7,14,9
10,7,14,11
10,11,6,2
10,11,6,3
10,11,6,4
10,11,6,6
10,11,6,7
10,11,6,8
10,11,6,9
10,11,6,11
10,11,3,9
10,11,3,11
10,11,3,12
10,11,3,14
10,11,3,15
10,11,3,17
10,11,6,0
10,11,6,1
10,11,3,0
10,11,3,1
10,11,3,2
10,11,3,3
10,11,3,4
10,11,3,6
10,11,3,7
10,11,3,8
10,11,1,7
10,11,1,8
10,11,1,9
10,11,1,11
10,11,1,12
10,11,1,14
10,11,1,15
10,11,1,17
10,11,14,7
10,11,14,8
10,11,14,9
10,11,14,11
10,11,14,12
10,11,14,14
10,11,14,15
10,11,14,17
10,11,8,15
10,11,8,17
10,11,14,0
10,11,14,1
10,11,14,2
10,11,14,3
10,11,14,4
10,11,14,6
10,11,8,4
10,11,8,6
10,11,8,7
10,11,8,8
10,11,8,9
10,11,8,11
10,11,8,12
10,11,8,14
10,11,6,12
10,11,6,14
10,11,6,15
10,11,6,17
10,11,8,0
10,11,8,1
10,11,8,2
10,11,8,3
12,0,1,12
12,0,1,14
12,0,1,15
12,0,1,17
12,0,3,0
12,0,3,1
12,0,3,2
12,0,3,3
12,0,1,2
12,0,1,3
12,0,1,4
12,0,1,6
12,0,1,7
12,0,1,8
12,0,1,9
12,0,1,11
12,0,0,9
12,0,0,11
12,0,0,12
12,0,0,14
12,0,0,15
12,0,0,17
12,0,1,0
12,0,1,1
12,0,0,0
12,0,0,1
12,0,0,2
12,0,0,3
12,0,0,4
12,0,0,6
12,0,0,7
12,0,0,8
12,0,8,0
12,0,8,1
12,0,8,2
12,0,8,3
12,0,8,4
12,0,8,6
12,0,8,7
12,0,8,8
12,0,6,7
12,0,6,8
12,0,6,9
12,0,6,11
12,0,6,12
12,0,6,14
12,0,6,15
12,0,6,17
12,0,3,15
12,0,3,17
12,0,6,0
12,0,6,1
12,0,6,2
12,0,6,3
12,0,6,4
12,0,6,6
12,0,3,4
12,0,3,6
12,0,3,7
12,0,3,8
12,0,3,9
12,0,3,11
12,0,3,12
12,0,3,14
12,1,0,4
12,1,0,6
12,1,0,7
12,1,0,8
12,1,0,9
12,1,0,11
12,1,0,12
12,1,0,14
12,0,14,12
12,0,14,14
12,0,14,15
12,0,14,17
12,1,0,0
12,1,0,1
12,1,0,2
12,1,0,3
12,0,14,2
12,0,14,3
12,0,14,4
12,0,14,6
12,0,14,7
12,0,14,8
12,0,14,9
12,0,14,11
12,0,8,9
12,0,8,11
12,0,8,12
12,0,8,14
12,0,8,15
12,0,8,17
12,0,14,0
12,0,14,1
12,1,3,9
12,1,3,11
12,1,3,12
12,1,3,14
12,1,3,15
12,1,3,17
12,1,6,0
12,1,6,1
12,1,3,0
12,1,3,1
12,1,3,2
12,1,3,3
12,1,3,4
12,1,3,6
12,1,3,7
12,1,3,8
12,1,1,7
12,1,1,8
12,1,1,9
12,1,1,11
12,1,1,12
12,1,1,14
12,1,1,15
12,1,1,17
12,1,0,15
12,1,0,17
12,1,1,0
12,1,1,1
12,1,1,2
12,1,1,3
12,1,1,4
12,1,1,6
12,1,8,15
12,1,8,17
12,1,14,0
12,1,14,1
12,1,14,2
12,1,14,3
12,1,14,4
12,1,14,6
12,1,8,4
12,1,8,6
12,1,8,7
12,1,8,8
12,1,8,9
12,1,8,11
12,1,8,12
12,1,8,14
12,1,6,12
12,1,6,14
12,1,6,15
12,1,6,17
12,1,8,0
12,1,8,1
12,1,8,2
12,1,8,3
12,1,6,2
12,1,6,3
12,1,6,4
12,1,6,6
12,1,6,7
12,1,6,8
12,1,6,9
12,1,6,11
12,2,1,2
12,2,1,3
12,2,1,4
12,2,1,6
12,2,1,7
12,2,1,8
12,2,1,9
12,2,1,11
12,2,0,9
12,2,0,11
12,2,0,12
12,2,0,14
12,2,0,15
12,2,0,17
12,2,1,0
12,2,1,1
12,2,0,0
12,2,0,1
12,2,0,2
12,2,0,3
12,2,0,4
12,2,0,6
12,2,0,7
12,2,0,8
12,1,14,7
12,1,14,8
12,1,14,9
12,1,14,11
12,1,14,12
12,1,14,14
12,1,14,15
12,1,14,17
12,2,6,7
12,2,6,8
12,2,6,9
12,2,6,11
12,2,6,12
12,2,6,14
12,2,6,15
12,2,6,17
12,2,3,15
12,2,3,17
12,2,6,0
12,2,6,1
12,2,6,2
12,2,6,3
12,2,6,4
12,2,6,6
12,2,3,4
12,2,3,6
12,2,3,7
12,2,3,8
12,2,3,9
12,2,3,11
12,2,3,12
12,2,3,14
12,2,1,12
12,2,1,14
12,2,1,15
12,2,1,17
12,2,3,0
12,2,3,1
12,2,3,2
12,2,3,3
12,2,14,12
12,2,14,14
12,2,14,15
12,2,14,17
12,6,0,0
12,6,0,1
12,6,0,2
12,6,0,3
12,2,14,2
12,2,14,3
12,2,14,4
12,2,14,6
12,2,14,7
12,2,14,8
12,2,14,9
12,2,14,11
12,2,8,9
12,2,8,11
12,2,8,12
12,2,8,14
12,2,8,15
12,2,8,17
12,2,14,0
12,2,14,1
12,2,8,0
12,2,8,1
12,2,8,2
12,2,8,3
12,2,8,4
12,2,8,6
12,2,8,7
12,2,8,8
12,6,3,0
12,6,3,1
12,6,3,2
12,6,3,3
12,6,3,4
12,6,3,6
12,6,3,7
12,6,3,8
12,6,1,7
12,6,1,8
12,6,1,9
12,6,1,11
12,6,1,12
12,6,1,14
12,6,1,15
12,6,1,17
12,6,0,15
12,6,0,17
12,6,1,0
12,6,1,1
12,6,1,2
12,6,1,3
12,6,1,4
12,6,1,6
12,6,0,4
12,6,0,6
12,6,0,7
12,6,0,8
12,6,0,9
12,6,0,11
12,6,0,12
12,6,0,14
12,6,8,4
12,6,8,6
12,6,8,7
12,6,8,8
12,6,8,9
12,6,8,11
12,6,8,12
12,6,8,14
12,6,6,12
12,6,6,14
12,6,6,15
12,6,6,17
12,6,8,0
12,6,8,1
12,6,8,2
12,6,8,3
12,6,6,2
12,6,6,3
12,6,6,4
12,6,6,6
12,6,6,7
12,6,6,8
12,6,6,9
12,6,6,11
12,6,3,9
12,6,3,11
12,6,3,12
12,6,3,14
12,6,3,15
12,6,3,17
12,6,6,0
12,6,6,1
12,7,0,9
12,7,0,11
12,7,0,12
12,7,0,14
12,7,0,15
12,7,0,17
12,7,1,0
12,7,1,1
12,7,0,0
12,7,0,1
12,7,0,2
12,7,0,3
12,7,0,4
12,7,0,6
12,7,0,7
12,7,0,8
12,6,14,7
12,6,14,8
12,6,14,9
12,6,14,11
12,6,14,12
12,6,14,14
12,6,14,15
12,6,14,17
12,6,8,15
12,6,8,17
12,6,14,0
12,6,14,1
12,6,14,2
12,6,14,3
12,6,14,4
12,6,14,6
12,7,3,15
12,7,3,17
12,7,6,0
12,7,6,1
12,7,6,2
12,7,6,3
12,7,6,4
12,7,6,6
12,7,3,4
12,7,3,6
12,7,3,7
12,7,3,8
12,7,3,9
12,7,3,11
12,7,3,12
12,7,3,14
12,7,1,12
12,7,1,14
12,7,1,15
12,7,1,17
12,7,3,0
12,7,3,1
12,7,3,2
12,7,3,3
12,7,1,2
12,7,1,3
12,7,1,4
12,7,1,6
12,7,1,7
12,7,1,8
12,7,1,9
12,7,1,11
12,7,14,2
12,7,14,3
12,7,14,4
12,7,14,6
12,7,14,7
12,7,14,8
12,7,14,9
12,7,14,11
12,7,8,9
12,7,8,11
12,7,8,12
12,7,8,14
12,7,8,15
12,7,8,17
12,7,14,0
12,7,14,1
12,7,8,0
12,7,8,1
12,7,8,2
12,7,8,3
12,7,8,4
12,7,8,6
12,7,8,7
12,7,8,8
12,7,6,7
12,7,6,8
12,7,6,9
12,7,6,11
12,7,6,12
12,7,6,14
12,7,6,15
12,7,6,17
12,11,1,7
12,11,1,8
12,11,1,9
12,11,1,11
12,11,1,12
12,11,1,14
12,11,1,15
12,11,1,17
12,11,0,15
12,11,0,17
12,11,1,0
12,11,1,1
12,11,1,2
12,11,1,3
12,11,1,4
12,11,1,6
12,11,0,4
12,11,0,6
12,11,0,7
12,11,0,8
12,11,0,9
12,11,0,11
12,11,0,12
12,11,0,14
12,7,14,12
12,7,14,14
12,7,14,15
12,7,14,17
12,11,0,0
12,11,0,1
12,11,0,2
12,11,0,3
12,11,6,12
12,11,6,14
12,11,6,15
12,11,6,17
12,11,8,0
12,11,8,1
12,11,8,2
12,11,8,3
12,11,6,2
12,11,6,3
12,11,6,4
12,11,6,6
12,11,6,7
12,11,6,8
12,11,6,9
12,11,6,11
12,11,3,9
12,11,3,11
12,11,3,12
12,11,3,14
12,11,3,15
12,11,3,17
12,11,6,0
12,11,6,1
12,11,3,0
12,11,3,1
12,11,3,2
12,11,3,3
12,11,3,4
12,11,3,6
12,11,3,7
12,11,3,8
13,0,0,0
13,0,0,1
13,0,0,2
13,0,0,3
13,0,0,4
13,0,0,6
13,0,0,7
13,0,0,8
12,11,14,7
12,11,14,8
12,11,14,9
12,11,14,11
12,11,14,12
12,11,14,14
12,11,14,15
12,11,14,17
12,11,8,15
12,11,8,17
12,11,14,0
12,11,14,1
12,11,14,2
12,11,14,3
12,11,14,4
12,11,14,6
12,11,8,4
12,11,8,6
12,11,8,7
12,11,8,8
12,11,8,9
12,11,8,11
12,11,8,12
12,11,8,14
13,0,3,4
13,0,3,6
13,0,3,7
13,0,3,8
13,0,3,9
13,0,3,11
13,0,3,12
13,0,3,14
13,0,1,12
13,0,1,14
13,0,1,15
13,0,1,17
13,0,3,0
13,0,3,1
13,0,3,2
13,0,3,3
13,0,1,2
13,0,1,3
13,0,1,4
13,0,1,6
13,0,1,7
13,0,1,8
13,0,1,9
13,0,1,11
13,0,0,9
13,0,0,11
13,0,0,12
13,0,0,14
13,0,0,15
13,0,0,17
13,0,1,0
13,0,1,1
13,0,8,9
13,0,8,11
13,0,8,12
13,0,8,14
13,0,8,15
13,0,8,17
13,0,14,0
13,0,14,1
13,0,8,0
13,0,8,1
13,0,8,2
13,0,8,3
13,0,8,4
13,0,8,6
13,0,8,7
13,0,8,8
13,0,6,7
13,0,6,8
13,0,6,9
13,0,6,11
13,0,6,12
13,0,6,14
13,0,6,15
13,0,6,17
13,0,3,15
13,0,3,17
13,0,6,0
13,0,6,1
13,0,6,2
13,0,6,3
13,0,6,4
13,0,6,6
13,1,0,15
13,1,0,17
13,1,1,0
13,1,1,1
13,1,1,2
13,1,1,3
13,1,1,4
13,1,1,6
13,1,0,4
13,1,0,6
13,1,0,7
13,1,0,8
13,1,0,9
13,1,0,11
13,1,0,12
13,1,0,14
13,0,14,12
13,0,14,14
13,0,14,15
13,0,14,17
13,1,0,0
13,1,0,1
13,1,0,2
13,1,0,3
13,0,14,2
13,0,14,3
13,0,14,4
13,0,14,6
13,0,14,7
13,0,14,8
13,0,14,9
13,0,14,11
13,1,6,2
13,1,6,3
13,1,6,4
13,1,6,6
13,1,6,7
13,1,6,8
13,1,6,9
13,1,6,11
13,1,3,9
13,1,3,11
13,1,3,12
13,1,3,14
13,1,3,15
13,1,3,17
13,1,6,0
13,1,6,1
13,1,3,0
13,1,3,1
13,1,3,2
13,1,3,3
13,1,3,4
13,1,3,6
13,1,3,7
13,1,3,8
13,1,1,7
13,1,1,8
13,1,1,9
13,1,1,11
13,1,1,12
13,1,1,14
13,1,1,15
13,1,1,17
13,1,14,7
13,1,14,8
13,1,14,9
13,1,14,11
13,1,14,12
13,1,14,14
13,1,14,15
13,1,14,17
13,1,8,15
13,1,8,17
13,1,14,0
13,1,14,1
13,1,14,2
13,1,14,3
13,1,14,4
13,1,14,6
13,1,8,4
13,1,8,6
13,1,8,7
13,1,8,8
13,1,8,9
13,1,8,11
13,1,8,12
13,1,8,14
13,1,6,12
13,1,6,14
13,1,6,15
13,1,6,17
13,1,8,0
13,1,8,1
13,1,8,2
13,1,8,3
13,2,1,12
13,2,1,14
13,2,1,15
13,2,1,17
13,2,3,0
13,2,3,1
13,2,3,2
13,2,3,3
13,2,1,2
13,2,1,3
13,2,1,4
13,2,1,6
13,2,1,7
13,2,1,8
13,2,1,9
13,2,1,11
13,2,0,9
13,2,0,11
13,2,0,12
13,2,0,14
13,2,0,15
13,2,0,17
13,2,1,0
13,2,1,1
13,2,0,0
13,2,0,1
13,2,0,2
13,2,0,3
13,2,0,4
13,2,0,6
13,2,0,7
13,2,0,8
13,2,8,0
13,2,8,1
13,2,8,2
13,2,8,3
13,2,8,4
13,2,8,6
13,2,8,7
13,2,8,8
13,2,6,7
13,2,6,8
13,2,6,9
13,2,6,11
13,2,6,12
13,2,6,14
13,2,6,15
13,2,6,17
13,2,3,15
13,2,3,17
13,2,6,0
13,2,6,1
13,2,6,2
13,2,6,3
13,2,6,4
13,2,6,6
13,2,3,4
13,2,3,6
13,2,3,7
13,2,3,8
13,2,3,9
13,2,3,11
13,2,3,12
13,2,3,14
13,6,0,4
13,6,0,6
13,6,0,7
13,6,0,8
13,6,0,9
13,6,0,11
13,6,0,12
13,6,0,14
13,2,14,12
13,2,14,14
13,2,14,15
13,2,14,17
13,6,0,0
13,6,0,1
13,6,0,2
13,6,0,3
13,2,14,2
13,2,14,3
13,2,14,4
13,2,14,6
13,2,14,7
13,2,14,8
13,2,14,9
13,2,14,11
13,2,8,9
13,2,8,11
13,2,8,12
13,2,8,14
13,2,8,15
13,2,8,17
13,2,14,0
13,2,14,1
13,6,3,9
13,6,3,11
13,6,3,12
13,6,3,14
13,6,3,15
13,6,3,17
13,6,6,0
13,6,6,1
13,6,3,0
13,6,3,1
13,6,3,2
13,6,3,3
13,6,3,4
13,6,3,6
13,6,3,7
13,6,3,8
13,6,1,7
13,6,1,8
13,6,1,9
13,6,1,11
13,6,1,12
13,6,1,14
13,6,1,15
13,6,1,17
13,6,0,15
13,6,0,17
13,6,1,0
13,6,1,1
13,6,1,2
13,6,1,3
13,6,1,4
13,6,1,6
13,6,8,15
13,6,8,17
13,6,14,0
13,6,14,1
13,6,14,2
13,6,14,3
13,6,14,4
13,6,14,6
13,6,8,4
13,6,8,6
13,6,8,7
13,6,8,8
13,6,8,9
13,6,8,11
13,6,8,12
13,6,8,14
13,6,6,12
13,6,6,14
13,6,6,15
13,6,6,17
13,6,8,0
13,6,8,1
13,6,8,2
13,6,8,3
13,6,6,2
13,6,6,3
13,6,6,4
13,6,6,6
13,6,6,7
13,6,6,8
13,6,6,9
13,6,6,11
13,7,1,2
13,7,1,3
13,7,1,4
13,7,1,6
13,7,1,7
13,7,1,8
13,7,1,9
13,7,1,11
13,7,0,9
13,7,0,11
13,7,0,12
13,7,0,14
13,7,0,15
13,7,0,17
13,7,1,0
13,7,1,1
13,7,0,0
13,7,0,1
13,7,0,2
13,7,0,3
13,7,0,4
13,7,0,6
13,7,0,7
13,7,0,8
13,6,14,7
13,6,14,8
13,6,14,9
13,6,14,11
13,6,14,12
13,6,14,14
13,6,14,15
13,6,14,17
13,7,6,7
13,7,6,8
13,7,6,9
13,7,6,11
13,7,6,12
13,7,6,14
13,7,6,15
13,7,6,17
13,7,3,15
13,7,3,17
13,7,6,0
13,7,6,1
13,7,6,2
13,7,6,3
13,7,6,4
13,7,6,6
13,7,3,4
13,7,3,6
13,7,3,7
13,7,3,8
13,7,3,9
13,7,3,11
13,7,3,12
13,7,3,14
13,7,1,12
13,7,1,14
13,7,1,15
13,7,1,17
13,7,3,0
13,7,3,1
13,7,3,2
13,7,3,3
13,7,14,12
13,7,14,14
13,7,14,15
13,7,14,17
13,11,0,0
13,11,0,1
13,11,0,2
13,11,0,3
13,7,14,2
13,7,14,3
13,7,14,4
13,7,14,6
13,7,14,7
13,7,14,8
13,7,14,9
13,7,14,11
13,7,8,9
13,7,8,11
13,7,8,12
13,7,8,14
13,7,8,15
13,7,8,17
13,7,14,0
13,7,14,1
13,7,8,0
13,7,8,1
13,7,8,2
13,7,8,3
13,7,8,4
13,7,8,6
13,7,8,7
13,7,8,8
13,11,3,0
13,11,3,1
13,11,3,2
13,11,3,3
13,11,3,4
13,11,3,6
13,11,3,7
13,11,3,8
13,11,1,7
13,11,1,8
13,11,1,9
13,11,1,11
13,11,1,12
13,11,1,14
13,11,1,15
13,11,1,17
13,11,0,15
13,11,0,17
13,11,1,0
13,11,1,1
13,11,1,2
13,11,1,3
13,11,1,4
13,11,1,6
13,11,0,4
13,11,0,6
13,11,0,7
13,11,0,8
13,11,0,9
13,11,0,11
13,11,0,12
13,11,0,14
13,11,8,4
13,11,8,6
13,11,8,7
13,11,8,8
13,11,8,9
13,11,8,11
13,11,8,12
13,11,8,14
13,11,6,12
13,11,6,14
13,11,6,15
13,11,6,17
13,11,8,0
13,11,8,1
13,11,8,2
13,11,8,3
13,11,6,2
13,11,6,3
13,11,6,4
13,11,6,6
13,11,6,7
13,11,6,8
13,11,6,9
13,11,6,11
13,11,3,9
13,11,3,11
13,11,3,12
13,11,3,14
13,11,3,15
13,11,3,17
13,11,6,0
13,11,6,1
14,0,0,9
14,0,0,11
14,0,0,12
14,0,0,14
14,0,0,15
14,0,0,17
14,0,1,0
14,0,1,1
14,0,0,0
14,0,0,1
14,0,0,2
14,0,0,3
14,0,0,4
14,0,0,6
14,0,0,7
14,0,0,8
13,11,14,7
13,11,14,8
13,11,14,9
13,11,14,11
13,11,14,12
13,11,14,14
13,11,14,15
13,11,14,17
13,11,8,15
13,11,8,17
13,11,14,0
13,11,14,1
13,11,14,2
13,11,14,3
13,11,14,4
13,11,14,6
14,0,3,15
14,0,3,17
14,0,6,0
14,0,6,1
14,0,6,2
14,0,6,3
14,0,6,4
14,0,6,6
14,0,3,4
14,0,3,6
14,0,3,7
14,0,3,8
14,0,3,9
14,0,3,11
14,0,3,12
14,0,3,14
14,0,1,12
14,0,1,14
14,0,1,15
14,0,1,17
14,0,3,0
14,0,3,1
14,0,3,2
14,0,3,3
14,0,1,2
14,0,1,3
14,0,1,4
14,0,1,6
14,0,1,7
14,0,1,8
14,0,1,9
14,0,1,11
14,0,14,2
14,0,14,3
14,0,14,4
14,0,14,6
14,0,14,7
14,0,14,8
14,0,14,9
14,0,14,11
14,0,8,9
14,0,8,11
14,0,8,12
14,0,8,14
14,0,8,15
14,0,8,17
14,0,14,0
14,0,14,1
14,0,8,0
14,0,8,1
14,0,8,2
14,0,8,3
14,0,8,4
14,0,8,6
14,0,8,7
14,0,8,8
14,0,6,7
14,0,6,8
14,0,6,9
14,0,6,11
14,0,6,12
14,0,6,14
14,0,6,15
14,0,6,17
14,1,1,7
14,1,1,8
14,1,1,9
14,1,1,11
14,1,1,12
14,1,1,14
14,1,1,15
14,1,1,17
14,1,0,15
14,1,0,17
14,1,1,0
14,1,1,1
14,1,1,2
14,1,1,3
14,1,1,4
14,1,1,6
14,1,0,4
14,1,0,6
14,1,0,7
14,1,0,8
14,1,0,9
14,1,0,11
14,1,0,12
14,1,0,14
14,0,14,12
14,0,14,14
14,0,14,15
14,0,14,17
14,1,0,0
14,1,0,1
14,1,0,2
14,1,0,3
14,1,6,12
14,1,6,14
14,1,6,15
14,1,6,17
14,1,8,0
14,1,8,1
14,1,8,2
14,1,8,3
14,1,6,2
14,1,6,3
14,1,6,4
14,1,6,6
14,1,6,7
14,1,6,8
14,1,6,9
14,1,6,11
14,1,3,9
14,1,3,11
14,1,3,12
14,1,3,14
14,1,3,15
14,1,3,17
14,1,6,0
14,1,6,1
14,1,3,0
14,1,3,1
14,1,3,2
14,1,3,3
14,1,3,4
14,1,3,6
14,1,3,7
14,1,3,8
14,2,0,0
14,2,0,1
14,2,0,2
14,2,0,3
14,2,0,4
14,2,0,6
14,2,0,7
14,2,0,8
14,1,14,7
14,1,14,8
14,1,14,9
14,1,14,11
14,1,14,12
14,1,14,14
14,1,14,15
14,1,14,17
14,1,8,15
14,1,8,17
14,1,14,0
14,1,14,1
14,1,14,2
14,1,14,3
14,1,14,4
14,1,14,6
14,1,8,4
14,1,8,6
14,1,8,7
14,1,8,8
14,1,8,9
14,1,8,11
14,1,8,12
14,1,8,14
14,2,3,4
14,2,3,6
14,2,3,7
14,2,3,8
14,2,3,9
14,2,3,11
14,2,3,12
14,2,3,14
14,2,1,12
14,2,1,14
14,2,1,15
14,2,1,17
14,2,3,0
14,2,3,1
14,2,3,2
14,2,3,3
14,2,1,2
14,2,1,3
14,2,1,4
14,2,1,6
14,2,1,7
14,2,1,8
14,2,1,9
14,2,1,11
14,2,0,9
14,2,0,11
14,2,0,12
14,2,0,14
14,2,0,15
14,2,0,17
14,2,1,0
14,2,1,1
14,2,8,9
14,2,8,11
14,2,8,12
14,2,8,14
14,2,8,15
14,2,8,17
14,2,14,0
14,2,14,1
14,2,8,0
14,2,8,1
14,2,8,2
14,2,8,3
14,2,8,4
14,2,8,6
14,2,8,7
14,2,8,8
14,2,6,7
14,2,6,8
14,2,6,9
14,2,6,11
14,2,6,12
14,2,6,14
14,2,6,15
14,2,6,17
14,2,3,15
14,2,3,17
14,2,6,0
14,2,6,1
14,2,6,2
14,2,6,3
14,2,6,4
14,2,6,6
14,6,0,15
14,6,0,17
14,6,1,0
14,6,1,1
14,6,1,2
14,6,1,3
14,6,1,4
14,6,1,6
14,6,0,4
14,6,0,6
14,6,0,7
14,6,0,8
14,6,0,9
14,6,0,11
14,6,0,12
14,6,0,14
14,2,14,12
14,2,14,14
14,2,14,15
14,2,14,17
14,6,0,0
14,6,0,1
14,6,0,2
14,6,0,3
14,2,14,2
14,2,14,3
14,2,14,4
14,2,14,6
14,2,14,7
14,2,14,8
14,2,14,9
14,2,14,11
14,6,6,2
14,6,6,3
14,6,6,4
14,6,6,6
14,6,6,7
14,6,6,8
14,6,6,9
14,6,6,11
14,6,3,9
14,6,3,11
14,6,3,12
14,6,3,14
14,6,3,15
14,6,3,17
14,6,6,0
14,6,6,1
14,6,3,0
14,6,3,1
14,6,3,2
14,6,3,3
14,6,3,4
14,6,3,6
14,6,3,7
14,6,3,8
14,6,1,7
14,6,1,8
14,6,1,9
14,6,1,11
14,6,1,12
14,6,1,14
14,6,1,15
14,6,1,17
14,6,14,7
14,6,14,8
14,6,14,9
14,6,14,11
14,6,14,12
14,6,14,14
14,6,14,15
14,6,14,17
14,6,8,15
14,6,8,17
14,6,14,0
14,6,14,1
14,6,14,2
14,6,14,3
14,6,14,4
14,6,14,6
14,6,8,4
14,6,8,6
14,6,8,7
14,6,8,8
14,6,8,9
14,6,8,11
14,6,8,12
14,6,8,14
14,6,6,12
14,6,6,14
14,6,6,15
14,6,6,17
14,6,8,0
14,6,8,1
14,6,8,2
14,6,8,3
14,7,1,12
14,7,1,14
14,7,1,15
14,7,1,17
14,7,3,0
14,7,3,1
14,7,3,2
14,7,3,3
14,7,1,2
14,7,1,3
14,7,1,4
14,7,1,6
14,7,1,7
14,7,1,8
14,7,1,9
14,7,1,11
14,7,0,9
14,7,0,11
14,7,0,12
14,7,0,14
14,7,0,15
14,7,0,17
14,7,1,0
14,7,1,1
14,7,0,0
14,7,0,1
14,7,0,2
14,7,0,3
14,7,0,4
14,7,0,6
14,7,0,7
14,7,0,8
14,7,8,0
14,7,8,1
14,7,8,2
14,7,8,3
14,7,8,4
14,7,8,6
14,7,8,7
14,7,8,8
14,7,6,7
14,7,6,8
14,7,6,9
14,7,6,11
14,7,6,12
14,7,6,14
14,7,6,15
14,7,6,17
14,7,3,15
14,7,3,17
14,7,6,0
14,7,6,1
14,7,6,2
14,7,6,3
14,7,6,4
14,7,6,6
14,7,3,4
14,7,3,6
14,7,3,7
14,7,3,8
14,7,3,9
14,7,3,11
14,7,3,12
14,7,3,14
14,11,0,4
14,11,0,6
14,11,0,7
14,11,0,8
14,11,0,9
14,11,0,11
14,11,0,12
14,11,0,14
14,7,14,12
14,7,14,14
14,7,14,15
14,7,14,17
14,11,0,0
14,11,0,1
14,11,0,2
14,11,0,3
14,7,14,2
14,7,14,3
14,7,14,4
14,7,14,6
14,7,14,7
14,7,14,8
14,7,14,9
14,7,14,11
14,7,8,9
14,7,8,11
14,7,8,12
14,7,8,14
14,7,8,15
14,7,8,17
14,7,14,0
14,7,14,1
14,11,3,9
14,11,3,11
14,11,3,12
14,11,3,14
14,11,3,15
14,11,3,17
14,11,6,0
14,11,6,1
14,11,3,0
14,11,3,1
14,11,3,2
14,11,3,3
14,11,3,4
14,11,3,6
14,11,3,7
14,11,3,8
14,11,1,7
14,11,1,8
14,11,1,9
14,11,1,11
14,11,1,12
14,11,1,14
14,11,1,15
14,11,1,17
14,11,0,15
14,11,0,17
14,11,1,0
14,11,1,1
14,11,1,2
14,11,1,3
14,11,1,4
14,11,1,6
14,11,8,15
14,11,8,17
14,11,14,0
14,11,14,1
14,11,14,2
14,11,14,3
14,11,14,4
14,11,14,6
14,11,8,4
14,11,8,6
14,11,8,7
14,11,8,8
14,11,8,9
14,11,8,11
14,11,8,12
14,11,8,14
14,11,6,12
14,11,6,14
14,11,6,15
14,11,6,17
14,11,8,0
14,11,8,1
14,11,8,2
14,11,8,3
14,11,6,2
14,11,6,3
14,11,6,4
14,11,6,6
14,11,6,7
14,11,6,8
14,11,6,9
14,11,6,11
15,0,1,2
15,0,1,3
15,0,1,4
15,0,1,6
15,0,1,7
15,0,1,8
15,0,1,9
15,0,1,11
15,0,0,9
15,0,0,11
15,0,0,12
15,0,0,14
15,0,0,15
15,0,0,17
15,0,1,0
15,0,1,1
15,0,0,0
15,0,0,1
15,0,0,2
15,0,0,3
15,0,0,4
15,0,0,6
15,0,0,7
15,0,0,8
14,11,14,7
14,11,14,8
14,11,14,9
14,11,14,11
14,11,14,12
14,11,14,14
14,11,14,15
14,11,14,17
15,0,6,7
15,0,6,8
15,0,6,9
15,0,6,11
15,0,6,12
15,0,6,14
15,0,6,15
15,0,6,17
15,0,3,15
15,0,3,17
15,0,6,0
15,0,6,1
15,0,6,2
15,0,6,3
15,0,6,4
15,0,6,6
15,0,3,4
15,0,3,6
15,0,3,7
15,0,3,8
15,0,3,9
15,0,3,11
15,0,3,12
15,0,3,14
15,0,1,12
15,0,1,14
15,0,1,15
15,0,1,17
15,0,3,0
15,0,3,1
15,0,3,2
15,0,3,3
15,0,14,12
15,0,14,14
15,0,14,15
15,0,14,17
15,1,0,0
15,1,0,1
15,1,0,2
15,1,0,3
15,0,14,2
15,0,14,3
15,0,14,4
15,0,14,6
15,0,14,7
15,0,14,8
15,0,14,9
15,0,14,11
15,0,8,9
15,0,8,11
15,0,8,12
15,0,8,14
15,0,8,15
15,0,8,17
15,0,14,0
15,0,14,1
15,0,8,0
15,0,8,1
15,0,8,2
15,0,8,3
15,0,8,4
15,0,8,6
15,0,8,7
15,0,8,8
15,1,3,0
15,1,3,1
15,1,3,2
15,1,3,3
15,1,3,4
15,1,3,6
15,1,3,7
15,1,3,8
15,1,1,7
15,1,1,8
15,1,1,9
15,1,1,11
15,1,1,12
15,1,1,14
15,1,1,15
15,1,1,17
15,1,0,15
15,1,0,17
15,1,1,0
15,1,1,1
15,1,1,2
15,1,1,3
15,1,1,4
15,1,1,6
15,1,0,4
15,1,0,6
15,1,0,7
15,1,0,8
15,1,0,9
15,1,0,11
15,1,0,12
15,1,0,14
15,1,8,4
15,1,8,6
15,1,8,7
15,1,8,8
15,1,8,9
15,1,8,11
15,1,8,12
15,1,8,14
15,1,6,12
15,1,6,14
15,1,6,15
15,1,6,17
15,1,8,0
15,1,8,1
15,1,8,2
15,1,8,3
15,1,6,2
15,1,6,3
15,1,6,4
15,1,6,6
15,1,6,7
15,1,6,8
15,1,6,9
15,1,6,11
15,1,3,9
15,1,3,11
15,1,3,12
15,1,3,14
15,1,3,15
15,1,3,17
15,1,6,0
15,1,6,1
15,2,0,9
15,2,0,11
15,2,0,12
15,2,0,14
15,2,0,15
15,2,0,17
15,2,1,0
15,2,1,1
15,2,0,0
15,2,0,1
15,2,0,2
15,2,0,3
15,2,0,4
15,2,0,6
15,2,0,7
15,2,0,8
15,1,14,7
15,1,14,8
15,1,14,9
15,1,14,11
15,1,14,12
15,1,14,14
15,1,14,15
15,1,14,17
15,1,8,15
15,1,8,17
15,1,14,0
15,1,14,1
15,1,14,2
15,1,14,3
15,1,14,4
15,1,14,6
15,2,3,15
15,2,3,17
15,2,6,0
15,2,6,1
15,2,6,2
15,2,6,3
15,2,6,4
15,2,6,6
15,2,3,4
15,2,3,6
15,2,3,7
15,2,3,8
15,2,3,9
15,2,3,11
15,2,3,12
15,2,3,14
15,2,1,12
15,2,1,14
15,2,1,15
15,2,1,17
15,2,3,0
15,2,3,1
15,2,3,2
15,2,3,3
15,2,1,2
15,2,1,3
15,2,1,4
15,2,1,6
15,2,1,7
15,2,1,8
15,2,1,9
15,2,1,11
15,2,14,2
15,2,14,3
15,2,14,4
15,2,14,6
15,2,14,7
15,2,14,8
15,2,14,9
15,2,14,11
15,2,8,9
15,2,8,11
15,2,8,12
15,2,8,14
15,2,8,15
15,2,8,17
15,2,14,0
15,2,14,1
15,2,8,0
15,2,8,1
15,2,8,2
15,2,8,3
15,2,8,4
15,2,8,6
15,2,8,7
15,2,8,8
15,2,6,7
15,2,6,8
15,2,6,9
15,2,6,11
15,2,6,12
15,2,6,14
15,2,6,15
15,2,6,17
15,6,1,7
15,6,1,8
15,6,1,9
15,6,1,11
15,6,1,12
15,6,1,14
15,6,1,15
15,6,1,17
15,6,0,15
15,6,0,17
15,6,1,0
15,6,1,1
15,6,1,2
15,6,1,3
15,6,1,4
15,6,1,6
15,6,0,4
15,6,0,6
15,6,0,7
15,6,0,8
15,6,0,9
15,6,0,11
15,6,0,12
15,6,0,14
15,2,14,12
15,2,14,14
15,2,14,15
15,2,14,17
15,6,0,0
15,6,0,1
15,6,0,2
15,6,0,3
15,6,6,12
15,6,6,14
15,6,6,15
15,6,6,17
15,6,8,0
15,6,8,1
15,6,8,2
15,6,8,3
15,6,6,2
15,6,6,3
15,6,6,4
15,6,6,6
15,6,6,7
15,6,6,8
15,6,6,9
15,6,6,11
15,6,3,9
15,6,3,11
15,6,3,12
15,6,3,14
15,6,3,15
15,6,3,17
15,6,6,0
15,6,6,1
15,6,3,0
15,6,3,1
15,6,3,2
15,6,3,3
15,6,3,4
15,6,3,6
15,6,3,7
15,6,3,8
15,7,0,0
15,7,0,1
15,7,0,2
15,7,0,3
15,7,0,4
15,7,0,6
15,7,0,7
15,7,0,8
15,6,14,7
15,6,14,8
15,6,14,9
15,6,14,11
15,6,14,12
15,6,14,14
15,6,14,15
15,6,14,17
15,6,8,15
15,6,8,17
15,6,14,0
15,6,14,1
15,6,14,2
15,6,14,3
15,6,14,4
15,6,14,6
15,6,8,4
15,6,8,6
15,6,8,7
15,6,8,8
15,6,8,9
15,6,8,11
15,6,8,12
15,6,8,14
15,7,3,4
15,7,3,6
15,7,3,7
15,7,3,8
15,7,3,9
15,7,3,11
15,7,3,12
15,7,3,14
15,7,1,12
15,7,1,14
15,7,1,15
15,7,1,17
15,7,3,0
15,7,3,1
15,7,3,2
15,7,3,3
15,7,1,2
15,7,1,3
15,7,1,4
15,7,1,6
15,7,1,7
15,7,1,8
15,7,1,9
15,7,1,11
15,7,0,9
15,7,0,11
15,7,0,12
15,7,0,14
15,7,0,15
15,7,0,17
15,7,1,0
15,7,1,1
15,7,8,9
15,7,8,11
15,7,8,12
15,7,8,14
15,7,8,15
15,7,8,17
15,7,14,0
15,7,14,1
15,7,8,0
15,7,8,1
15,7,8,2
15,7,8,3
15,7,8,4
15,7,8,6
15,7,8,7
15,7,8,8
15,7,6,7
15,7,6,8
15,7,6,9
15,7,6,11
15,7,6,12
15,7,6,14
15,7,6,15
15,7,6,17
15,7,3,15
15,7,3,17
15,7,6,0
15,7,6,1
15,7,6,2
15,7,6,3
15,7,6,4
15,7,6,6
15,11,0,15
15,11,0,17
15,11,1,0
15,11,1,1
15,11,1,2
15,11,1,3
15,11,1,4
15,11,1,6
15,11,0,4
15,11,0,6
15,11,0,7
15,11,0,8
15,11,0,9
15,11,0,11
15,11,0,12
15,11,0,14
15,7,14,12
15,7,14,14
15,7,14,15
15,7,14,17
15,11,0,0
15,11,0,1
15,11,0,2
15,11,0,3
15,7,14,2
15,7,14,3
15,7,14,4
15,7,14,6
15,7,14,7
15,7,14,8
15,7,14,9
15,7,14,11
15,11,6,2
15,11,6,3
15,11,6,4
15,11,6,6
15,11,6,7
15,11,6,8
15,11,6,9
15,11,6,11
15,11,3,9
15,11,3,11
15,11,3,12
15,11,3,14
15,11,3,15
15,11,3,17
15,11,6,0
15,11,6,1
15,11,3,0
15,11,3,1
15,11,3,2
15,11,3,3
15,11,3,4
15,11,3,6
15,11,3,7
15,11,3,8
15,11,1,7
15,11,1,8
15,11,1,9
15,11,1,11
15,11,1,12
15,11,1,14
15,11,1,15
15,11,1,17
15,11,14,7
15,11,14,8
15,11,14,9
15,11,14,11
15,11,14,12
15,11,14,14
15,11,14,15
15,11,14,17
15,11,8,15
15,11,8,17
15,11,14,0
15,11,14,1
15,11,14,2
15,11,14,3
15,11,14,4
15,11,14,6
15,11,8,4
15,11,8,6
15,11,8,7
15,11,8,8
15,11,8,9
15,11,8,11
15,11,8,12
15,11,8,14
15,11,6,12
15,11,6,14
15,11,6,15
15,11,6,17
15,11,8,0
15,11,8,1
15,11,8,2
15,11,8,3
16,0,1,12
16,0,1,14
16,0,1,15
16,0,1,17
16,0,3,0
16,0,3,1
16,0,3,2
16,0,3,3
16,0,1,2
16,0,1,3
16,0,1,4
16,0,1,6
16,0,1,7
16,0,1,8
16,0,1,9
16,0,1,11
16,0,0,9
16,0,0,11
16,0,0,12
16,0,0,14
16,0,0,15
16,0,0,17
16,0,1,0
16,0,1,1
16,0,0,0
16,0,0,1
16,0,0,2
16,0,0,3
16,0,0,4
16,0,0,6
16,0,0,7
16,0,0,8
16,0,8,0
16,0,8,1
16,0,8,2
16,0,8,3
16,0,8,4
16,0,8,6
16,0,8,7
16,0,8,8
16,0,6,7
16,0,6,8
16,0,6,9
16,0,6,11
16,0,6,12
16,0,6,14
16,0,6,15
16,0,6,17
16,0,3,15
16,0,3,17
16,0,6,0
16,0,6,1
16,0,6,2
16,0,6,3
16,0,6,4
16,0,6,6
16,0,3,4
16,0,3,6
16,0,3,7
16,0,3,8
16,0,3,9
16,0,3,11
16,0,3,12
16,0,3,14
16,1,0,4
16,1,0,6
16,1,0,7
16,1,0,8
16,1,0,9
16,1,0,11
16,1,0,12
16,1,0,14
16,0,14,12
16,0,14,14
16,0,14,15
16,0,14,17
16,1,0,0
16,1,0,1
16,1,0,2
16,1,0,3
16,0,14,2
16,0,14,3
16,0,14,4
16,0,14,6
16,0,14,7
16,0,14,8
16,0,14,9
16,0,14,11
16,0,8,9
16,0,8,11
16,0,8,12
16,0,8,14
16,0,8,15
16,0,8,17
16,0,14,0
16,0,14,1
16,1,3,9
16,1,3,11
16,1,3,12
16,1,3,14
16,1,3,15
16,1,3,17
16,1,6,0
16,1,6,1
16,1,3,0
16,1,3,1
16,1,3,2
16,1,3,3
16,1,3,4
16,1,3,6
16,1,3,7
16,1,3,8
16,1,1,7
16,1,1,8
16,1,1,9
16,1,1,11
16,1,1,12
16,1,1,14
16,1,1,15
16,1,1,17
16,1,0,15
16,1,0,17
16,1,1,0
16,1,1,1
16,1,1,2
16,1,1,3
16,1,1,4
16,1,1,6
16,1,8,15
16,1,8,17
16,1,14,0
16,1,14,1
16,1,14,2
16,1,14,3
16,1,14,4
16,1,14,6
16,1,8,4
16,1,8,6
16,1,8,7
16,1,8,8
16,1,8,9
16,1,8,11
16,1,8,12
16,1,8,14
16,1,6,12
16,1,6,14
16,1,6,15
16,1,6,17
16,1,8,0
16,1,8,1
16,1,8,2
16,1,8,3
16,1,6,2
16,1,6,3
16,1,6,4
16,1,6,6
16,1,6,7
16,1,6,8
16,1,6,9
16,1,6,11
16,2,1,2
16,2,1,3
16,2,1,4
16,2,1,6
16,2,1,7
16,2,1,8
16,2,1,9
16,2,1,11
16,2,0,9
16,2,0,11
16,2,0,12
16,2,0,14
16,2,0,15
16,2,0,17
16,2,1,0
16,2,1,1
16,2,0,0
16,2,0,1
16,2,0,2
16,2,0,3
16,2,0,4
16,2,0,6
16,2,0,7
16,2,0,8
16,1,14,7
16,1,14,8
16,1,14,9
16,1,14,11
16,1,14,12
16,1,14,14
16,1,14,15
16,1,14,17
16,2,6,7
16,2,6,8
16,2,6,9
16,2,6,11
16,2,6,12
16,2,6,14
16,2,6,15
16,2,6,17
16,2,3,15
16,2,3,17
16,2,6,0
16,2,6,1
16,2,6,2
16,2,6,3
16,2,6,4
16,2,6,6
16,2,3,4
16,2,3,6
16,2,3,7
16,2,3,8
16,2,3,9
16,2,3,11
16,2,3,12
16,2,3,14
16,2,1,12
16,2,1,14
16,2,1,15
16,2,1,17
16,2,3,0
16,2,3,1
16,2,3,2
16,2,3,3
16,2,14,12
16,2,14,14
16,2,14,15
16,2,14,17
16,6,0,0
16,6,0,1
16,6,0,2
16,6,0,3
16,2,14,2
16,2,14,3
16,2,14,4
16,2,14,6
16,2,14,7
16,2,14,8
16,2,14,9
16,2,14,11
16,2,8,9
16,2,8,11
16,2,8,12
16,2,8,14
16,2,8,15
16,2,8,17
16,2,14,0
16,2,14,1
16,2,8,0
16,2,8,1
16,2,8,2
16,2,8,3
16,2,8,4
16,2,8,6
16,2,8,7
16,2,8,8
16,6,3,0
16,6,3,1
16,6,3,2
16,6,3,3
16,6,3,4
16,6,3,6
16,6,3,7
16,6,3,8
16,6,1,7
16,6,1,8
16,6,1,9
16,6,1,11
16,6,1,12
16,6,1,14
16,6,1,15
16,6,1,17
16,6,0,15
16,6,0,17
16,6,1,0
16,6,1,1
16,6,1,2
16,6,1,3
16,6,1,4
16,6,1,6
16,6,0,4
16,6,0,6
16,6,0,7
16,6,0,8
16,6,0,9
16,6,0,11
16,6,0,12
16,6,0,14
16,6,8,4
16,6,8,6
16,6,8,7
16,6,8,8
16,6,8,9
16,6,8,11
16,6,8,12
16,6,8,14
16,6,6,12
16,6,6,14
16,6,6,15
16,6,6,17
16,6,8,0
16,6,8,1
16,6,8,2
16,6,8,3
16,6,6,2
16,6,6,3
16,6,6,4
16,6,6,6
16,6,6,7
16,6,6,8
16,6,6,9
16,6,6,11
16,6,3,9
16,6,3,11
16,6,3,12
16,6,3,14
16,6,3,15
16,6,3,17
16,6,6,0
16,6,6,1
16,7,0,9
16,7,0,11
16,7,0,12
16,7,0,14
16,7,0,15
16,7,0,17
16,7,1,0
16,7,1,1
16,7,0,0
16,7,0,1
16,7,0,2
16,7,0,3
16,7,0,4
16,7,0,6
16,7,0,7
16,7,0,8
16,6,14,7
16,6,14,8
16,6,14,9
16,6,14,11
16,6,14,12
16,6,14,14
16,6,14,15
16,6,14,17
16,6,8,15
16,6,8,17
16,6,14,0
16,6,14,1
16,6,14,2
16,6,14,3
16,6,14,4
16,6,14,6
16,7,3,15
16,7,3,17
16,7,6,0
16,7,6,1
16,7,6,2
16,7,6,3
16,7,6,4
16,7,6,6
16,7,3,4
16,7,3,6
16,7,3,7
16,7,3,8
16,7,3,9
16,7,3,11
16,7,3,12
16,7,3,14
16,7,1,12
16,7,1,14
16,7,1,15
16,7,1,17
16,7,3,0
16,7,3,1
16,7,3,2
16,7,3,3
16,7,1,2
16,7,1,3
16,7,1,4
16,7,1,6
16,7,1,7
16,7,1,8
16,7,1,9
16,7,1,11
16,7,14,2
16,7,14,3
16,7,14,4
16,7,14,6
16,7,14,7
16,7,14,8
16,7,14,9
16,7,14,11
16,7,8,9
16,7,8,11
16,7,8,12
16,7,8,14
16,7,8,15
16,7,8,17
16,7,14,0
16,7,14,1
16,7,8,0
16,7,8,1
16,7,8,2
16,7,8,3
16,7,8,4
16,7,8,6
16,7,8,7
16,7,8,8
16,7,6,7
16,7,6,8
16,7,6,9
16,7,6,11
16,7,6,12
16,7,6,14
16,7,6,15
16,7,6,17
16,11,1,7
16,11,1,8
16,11,1,9
16,11,1,11
16,11,1,12
16,11,1,14
16,11,1,15
16,11,1,17
16,11,0,15
16,11,0,17
16,11,1,0
16,11,1,1
16,11,1,2
16,11,1,3
16,11,1,4
16,11,1,6
16,11,0,4
16,11,0,6
16,11,0,7
16,11,0,8
16,11,0,9
16,11,0,11
16,11,0,12
16,11,0,14
16,7,14,12
16,7,14,14
16,7,14,15
16,7,14,17
16,11,0,0
16,11,0,1
16,11,0,2
16,11,0,3
16,11,6,12
16,11,6,14
16,11,6,15
16,11,6,17
16,11,8,0
16,11,8,1
16,11,8,2
16,11,8,3
16,11,6,2
16,11,6,3
16,11,6,4
16,11,6,6
16,11,6,7
16,11,6,8
16,11,6,9
16,11,6,11
16,11,3,9
16,11,3,11
16,11,3,12
16,11,3,14
16,11,3,15
16,11,3,17
16,11,6,0
16,11,6,1
16,11,3,0
16,11,3,1
16,11,3,2
16,11,3,3
16,11,3,4
16,11,3,6
16,11,3,7
16,11,3,8
17,0,0,0
17,0,0,1
17,0,0,2
17,0,0,3
17,0,0,4
17,0,0,6
17,0,0,7
17,0,0,8
16,11,14,7
16,11,14,8
16,11,14,9
16,11,14,11
16,11,14,12
16,11,14,14
16,11,14,15
16,11,14,17
16,11,8,15
16,11,8,17
16,11,14,0
16,11,14,1
16,11,14,2
16,11,14,3
16,11,14,4
16,11,14,6
16,11,8,4
16,11,8,6
16,11,8,7
16,11,8,8
16,11,8,9
16,11,8,11
16,11,8,12
16,11,8,14
17,0,3,4
17,0,3,6
17,0,3,7
17,0,3,8
17,0,3,9
17,0,3,11
17,0,3,12
17,0,3,14
17,0,1,12
17,0,1,14
17,0,1,15
17,0,1,17
17,0,3,0
17,0,3,1
17,0,3,2
17,0,3,3
17,0,1,2
17,0,1,3
17,0,1,4
17,0,1,6
17,0,1,7
17,0,1,8
17,0,1,9
17,0,1,11
17,0,0,9
17,0,0,11
17,0,0,12
17,0,0,14
17,0,0,15
17,0,0,17
17,0,1,0
17,0,1,1
17,0,8,9
17,0,8,11
17,0,8,12
17,0,8,14
17,0,8,15
17,0,8,17
17,0,14,0
17,0,14,1
17,0,8,0
17,0,8,1
17,0,8,2
17,0,8,3
17,0,8,4
17,0,8,6
17,0,8,7
17,0,8,8
17,0,6,7
17,0,6,8
17,0,6,9
17,0,6,11
17,0,6,12
17,0,6,14
17,0,6,15
17,0,6,17
17,0,3,15
17,0,3,17
17,0,6,0
17,0,6,1
17,0,6,2
17,0,6,3
17,0,6,4
17,0,6,6
17,1,0,15
17,1,0,17
17,1,1,0
17,1,1,1
17,1,1,2
17,1,1,3
17,1,1,4
17,1,1,6
17,1,0,4
17,1,0,6
17,1,0,7
17,1,0,8
17,1,0,9
17,1,0,11
17,1,0,12
17,1,0,14
17,0,14,12
17,0,14,14
17,0,14,15
17,0,14,17
17,1,0,0
17,1,0,1
17,1,0,2
17,1,0,3
17,0,14,2
17,0,14,3
17,0,14,4
17,0,14,6
17,0,14,7
17,0,14,8
17,0,14,9
17,0,14,11
17,1,6,2
17,1,6,3
17,1,6,4
17,1,6,6
17,1,6,7
17,1,6,8
17,1,6,9
17,1,6,11
17,1,3,9
17,1,3,11
17,1,3,12
17,1,3,14
17,1,3,15
17,1,3,17
17,1,6,0
17,1,6,1
17,1,3,0
17,1,3,1
17,1,3,2
17,1,3,3
17,1,3,4
17,1,3,6
17,1,3,7
17,1,3,8
17,1,1,7
17,1,1,8
17,1,1,9
17,1,1,11
17,1,1,12
17,1,1,14
17,1,1,15
17,1,1,17
17,1,14,7
17,1,14,8
17,1,14,9
17,1,14,11
17,1,14,12
17,1,14,14
17,1,14,15
17,1,14,17
17,1,8,15
17,1,8,17
17,1,14,0
17,1,14,1
17,1,14,2
17,1,14,3
17,1,14,4
17,1,14,6
17,1,8,4
17,1,8,6
17,1,8,7
17,1,8,8
17,1,8,9
17,1,8,11
17,1,8,12
17,1,8,14
17,1,6,12
17,1,6,14
17,1,6,15
17,1,6,17
17,1,8,0
17,1,8,1
17,1,8,2
17,1,8,3
17,2,1,12
17,2,1,14
17,2,1,15
17,2,1,17
17,2,3,0
17,2,3,1
17,2,3,2
17,2,3,3
17,2,1,2
17,2,1,3
17,2,1,4
17,2,1,6
17,2,1,7
17,2,1,8
17,2,1,9
17,2,1,11
17,2,0,9
17,2,0,11
17,2,0,12
17,2,0,14
17,2,0,15
17,2,0,17
17,2,1,0
17,2,1,1
17,2,0,0
17,2,0,1
17,2,0,2
17,2,0,3
17,2,0,4
17,2,0,6
17,2,0,7
17,2,0,8
17,2,8,0
17,2,8,1
17,2,8,2
17,2,8,3
17,2,8,4
17,2,8,6
17,2,8,7
17,2,8,8
17,2,6,7
17,2,6,8
17,2,6,9
17,2,6,11
17,2,6,12
17,2,6,14
17,2,6,15
17,2,6,17
17,2,3,15
17,2,3,17
17,2,6,0
17,2,6,1
17,2,6,2
17,2,6,3
17,2,6,4
17,2,6,6
17,2,3,4
17,2,3,6
17,2,3,7
17,2,3,8
17,2,3,9
17,2,3,11
17,2,3,12
17,2,3,14
17,6,0,4
17,6,0,6
17,6,0,7
17,6,0,8
17,6,0,9
17,6,0,11
17,6,0,12
17,6,0,14
17,2,14,12
17,2,14,14
17,2,14,15
17,2,14,17
17,6,0,0
17,6,0,1
17,6,0,2
17,6,0,3
17,2,14,2
17,2,14,3
17,2,14,4
17,2,14,6
17,2,14,7
17,2,14,8
17,2,14,9
17,2,14,11
17,2,8,9
17,2,8,11
17,2,8,12
17,2,8,14
17,2,8,15
17,2,8,17
17,2,14,0
17,2,14,1
17,6,3,9
17,6,3,11
17,6,3,12
17,6,3,14
17,6,3,15
17,6,3,17
17,6,6,0
17,6,6,1
17,6,3,0
17,6,3,1
17,6,3,2
17,6,3,3
17,6,3,4
17,6,3,6
17,6,3,7
17,6,3,8
17,6,1,7
17,6,1,8
17,6,1,9
17,6,1,11
17,6,1,12
17,6,1,14
17,6,1,15
17,6,1,17
17,6,0,15
17,6,0,17
17,6,1,0
17,6,1,1
17,6,1,2
17,6,1,3
17,6,1,4
17,6,1,6
17,6,8,15
17,6,8,17
17,6,14,0
17,6,14,1
17,6,14,2
17,6,14,3
17,6,14,4
17,6,14,6
17,6,8,4
17,6,8,6
17,6,8,7
17,6,8,8
17,6,8,9
17,6,8,11
17,6,8,12
17,6,8,14
17,6,6,12
17,6,6,14
17,6,6,15
17,6,6,17
17,6,8,0
17,6,8,1
17,6,8,2
17,6,8,3
17,6,6,2
17,6,6,3
17,6,6,4
17,6,6,6
17,6,6,7
17,6,6,8
17,6,6,9
17,6,6,11
17,7,1,2
17,7,1,3
17,7,1,4
17,7,1,6
17,7,1,7
17,7,1,8
17,7,1,9
17,7,1,11
17,7,0,9
17,7,0,11
17,7,0,12
17,7,0,14
17,7,0,15
17,7,0,17
17,7,1,0
17,7,1,1
17,7,0,0
17,7,0,1
17,7,0,2
17,7,0,3
17,7,0,4
17,7,0,6
17,7,0,7
17,7,0,8
17,6,14,7
17,6,14,8
17,6,14,9
17,6,14,11
17,6,14,12
17,6,14,14
17,6,14,15
17,6,14,17
17,7,6,7
17,7,6,8
17,7,6,9
17,7,6,11
17,7,6,12
17,7,6,14
17,7,6,15
17,7,6,17
17,7,3,15
17,7,3,17
17,7,6,0
17,7,6,1
17,7,6,2
17,7,6,3
17,7,6,4
17,7,6,6
17,7,3,4
17,7,3,6
17,7,3,7
17,7,3,8
17,7,3,9
17,7,3,11
17,7,3,12
17,7,3,14
17,7,1,12
17,7,1,14
17,7,1,15
17,7,1,17
17,7,3,0
17,7,3,1
17,7,3,2
17,7,3,3
17,7,14,12
17,7,14,14
17,7,14,15
17,7,14,17
17,11,0,0
17,11,0,1
17,11,0,2
17,11,0,3
17,7,14,2
17,7,14,3
17,7,14,4
17,7,14,6
17,7,14,7
17,7,14,8
17,7,14,9
17,7,14,11
17,7,8,9
17,7,8,11
17,7,8,12
17,7,8,14
17,7,8,15
17,7,8,17
17,7,14,0
17,7,14,1
17,7,8,0
17,7,8,1
17,7,8,2
17,7,8,3
17,7,8,4
17,7,8,6
17,7,8,7
17,7,8,8
17,11,3,0
17,11,3,1
17,11,3,2
17,11,3,3
17,11,3,4
17,11,3,6
17,11,3,7
17,11,3,8
17,11,1,7
17,11,1,8
17,11,1,9
17,11,1,11
17,11,1,12
17,11,1,14
17,11,1,15
17,11,1,17
17,11,0,15
17,11,0,17
17,11,1,0
17,11,1,1
17,11,1,2
17,11,1,3
17,11,1,4
17,11,1,6
17,11,0,4
17,11,0,6
17,11,0,7
17,11,0,8
17,11,0,9
17,11,0,11
17,11,0,12
17,11,0,14
17,11,8,4
17,11,8,6
17,11,8,7
17,11,8,8
17,11,8,9
17,11,8,11
17,11,8,12
17,11,8,14
17,11,6,12
17,11,6,14
17,11,6,15
17,11,6,17
17,11,8,0
17,11,8,1
17,11,8,2
17,11,8,3
17,11,6,2
17,11,6,3
17,11,6,4
17,11,6,6
17,11,6,7
17,11,6,8
17,11,6,9
17,11,6,11
17,11,3,9
17,11,3,11
17,11,3,12
17,11,3,14
17,11,3,15
17,11,3,17
17,11,6,0
17,11,6,1
18,0,0,9
18,0,0,11
18,0,0,12
18,0,0,14
18,0,0,15
18,0,0,17
18,0,1,0
18,0,1,1
18,0,0,0
18,0,0,1
18,0,0,2
18,0,0,3
18,0,0,4
18,0,0,6
18,0,0,7
18,0,0,8
17,11,14,7
17,11,14,8
17,11,14,9
17,11,14,11
17,11,14,12
17,11,14,14
17,11,14,15
17,11,14,17
17,11,8,15
17,11,8,17
17,11,14,0
17,11,14,1
17,11,14,2
17,11,14,3
17,11,14,4
17,11,14,6
18,0,3,15
18,0,3,17
18,0,6,0
18,0,6,1
18,0,6,2
18,0,6,3
18,0,6,4
18,0,6,6
18,0,3,4
18,0,3,6
18,0,3,7
18,0,3,8
18,0,3,9
18,0,3,11
18,0,3,12
18,0,3,14
18,0,1,12
18,0,1,14
18,0,1,15
18,0,1,17
18,0,3,0
18,0,3,1
18,0,3,2
18,0,3,3
18,0,1,2
18,0,1,3
18,0,1,4
18,0,1,6
18,0,1,7
18,0,1,8
18,0,1,9
18,0,1,11
18,0,14,2
18,0,14,3
18,0,14,4
18,0,14,6
18,0,14,7
18,0,14,8
18,0,14,9
18,0,14,11
18,0,8,9
18,0,8,11
18,0,8,12
18,0,8,14
18,0,8,15
18,0,8,17
18,0,14,0
18,0,14,1
18,0,8,0
18,0,8,1
18,0,8,2
18,0,8,3
18,0,8,4
18,0,8,6
18,0,8,7
18,0,8,8
18,0,6,7
18,0,6,8
18,0,6,9
18,0,6,11
18,0,6,12
18,0,6,14
18,0,6,15
18,0,6,17
18,1,1,7
18,1,1,8
18,1,1,9
18,1,1,11
18,1,1,12
18,1,1,14
18,1,1,15
18,1,1,17
18,1,0,15
18,1,0,17
18,1,1,0
18,1,1,1
18,1,1,2
18,1,1,3
18,1,1,4
18,1,1,6
18,1,0,4
18,1,0,6
18,1,0,7
18,1,0,8
18,1,0,9
18,1,0,11
18,1,0,12
18,1,0,14
18,0,14,12
18,0,14,14
18,0,14,15
18,0,14,17
18,1,0,0
18,1,0,1
18,1,0,2
18,1,0,3
18,1,6,12
18,1,6,14
18,1,6,15
18,1,6,17
18,1,8,0
18,1,8,1
18,1,8,2
18,1,8,3
18,1,6,2
18,1,6,3
18,1,6,4
18,1,6,6
18,1,6,7
18,1,6,8
18,1,6,9
18,1,6,11
18,1,3,9
18,1,3,11
18,1,3,12
18,1,3,14
18,1,3,15
18,1,3,17
18,1,6,0
18,1,6,1
18,1,3,0
18,1,3,1
18,1,3,2
18,1,3,3
18,1,3,4
18,1,3,6
18,1,3,7
18,1,3,8
18,2,0,0
18,2,0,1
18,2,0,2
18,2,0,3
18,2,0,4
18,2,0,6
18,2,0,7
18,2,0,8
18,1,14,7
18,1,14,8
18,1,14,9
18,1,14,11
18,1,14,12
18,1,14,14
18,1,14,15
18,1,14,17
18,1,8,15
18,1,8,17
18,1,14,0
18,1,14,1
18,1,14,2
18,1,14,3
18,1,14,4
18,1,14,6
18,1,8,4
18,1,8,6
18,1,8,7
18,1,8,8
18,1,8,9
18,1,8,11
18,1,8,12
18,1,8,14
18,2,3,4
18,2,3,6
18,2,3,7
18,2,3,8
18,2,3,9
18,2,3,11
18,2,3,12
18,2,3,14
18,2,1,12
18,2,1,14
18,2,1,15
18,2,1,17
18,2,3,0
18,2,3,1
18,2,3,2
18,2,3,3
18,2,1,2
18,2,1,3
18,2,1,4
18,2,1,6
18,2,1,7
18,2,1,8
18,2,1,9
18,2,1,11
18,2,0,9
18,2,0,11
18,2,0,12
18,2,0,14
18,2,0,15
18,2,0,17
18,2,1,0
18,2,1,1
18,2,8,9
18,2,8,11
18,2,8,12
18,2,8,14
18,2,8,15
18,2,8,17
18,2,14,0
18,2,14,1
18,2,8,0
18,2,8,1
18,2,8,2
18,2,8,3
18,2,8,4
18,2,8,6
18,2,8,7
18,2,8,8
18,2,6,7
18,2,6,8
18,2,6,9
18,2,6,11
18,2,6,12
18,2,6,14
18,2,6,15
18,2,6,17
18,2,3,15
18,2,3,17
18,2,6,0
18,2,6,1
18,2,6,2
18,2,6,3
18,2,6,4
18,2,6,6
18,6,0,15
18,6,0,17
18,6,1,0
18,6,1,1
18,6,1,2
18,6,1,3
18,6,1,4
18,6,1,6
18,6,0,4
18,6,0,6
18,6,0,7
18,6,0,8
18,6,0,9
18,6,0,11
18,6,0,12
18,6,0,14
18,2,14,12
18,2,14,14
18,2,14,15
18,2,14,17
18,6,0,0
18,6,0,1
18,6,0,2
18,6,0,3
18,2,14,2
18,2,14,3
18,2,14,4
18,2,14,6
18,2,14,7
18,2,14,8
18,2,14,9
18,2,14,11
18,6,6,2
18,6,6,3
18,6,6,4
18,6,6,6
18,6,6,7
18,6,6,8
18,6,6,9
18,6,6,11
18,6,3,9
18,6,3,11
18,6,3,12
18,6,3,14
18,6,3,15
18,6,3,17
18,6,6,0
18,6,6,1
18,6,3,0
18,6,3,1
18,6,3,2
18,6,3,3
18,6,3,4
18,6,3,6
18,6,3,7
18,6,3,8
18,6,1,7
18,6,1,8
18,6,1,9
18,6,1,11
18,6,1,12
18,6,1,14
18,6,1,15
18,6,1,17
18,6,14,7
18,6,14,8
18,6,14,9
18,6,14,11
18,6,14,12
18,6,14,14
18,6,14,15
18,6,14,17
18,6,8,15
18,6,8,17
18,6,14,0
18,6,14,1
18,6,14,2
18,6,14,3
18,6,14,4
18,6,14,6
18,6,8,4
18,6,8,6
18,6,8,7
18,6,8,8
18,6,8,9
18,6,8,11
18,6,8,12
18,6,8,14
18,6,6,12
18,6,6,14
18,6,6,15
18,6,6,17
18,6,8,0
18,6,8,1
18,6,8,2
18,6,8,3
18,7,1,12
18,7,1,14
18,7,1,15
18,7,1,17
18,7,3,0
18,7,3,1
18,7,3,2
18,7,3,3
18,7,1,2
18,7,1,3
18,7,1,4
18,7,1,6
18,7,1,7
18,7,1,8
18,7,1,9
18,7,1,11
18,7,0,9
18,7,0,11
18,7,0,12
18,7,0,14
18,7,0,15
18,7,0,17
18,7,1,0
18,7,1,1
18,7,0,0
18,7,0,1
18,7,0,2
18,7,0,3
18,7,0,4
18,7,0,6
18,7,0,7
18,7,0,8
18,7,8,0
18,7,8,1
18,7,8,2
18,7,8,3
18,7,8,4
18,7,8,6
18,7,8,7
18,7,8,8
18,7,6,7
18,7,6,8
18,7,6,9
18,7,6,11
18,7,6,12
18,7,6,14
18,7,6,15
18,7,6,17
18,7,3,15
18,7,3,17
18,7,6,0
18,7,6,1
18,7,6,2
18,7,6,3
18,7,6,4
18,7,6,6
18,7,3,4
18,7,3,6
18,7,3,7
18,7,3,8
18,7,3,9
18,7,3,11
18,7,3,12
18,7,3,14
18,11,0,4
18,11,0,6
18,11,0,7
18,11,0,8
18,11,0,9
18,11,0,11
18,11,0,12
18,11,0,14
18,7,14,12
18,7,14,14
18,7,14,15
18,7,14,17
18,11,0,0
18,11,0,1
18,11,0,2
18,11,0,3
18,7,14,2
18,7,14,3
18,7,14,4
18,7,14,6
18,7,14,7
18,7,14,8
18,7,14,9
18,7,14,11
18,7,8,9
18,7,8,11
18,7,8,12
18,7,8,14
18,7,8,15
18,7,8,17
18,7,14,0
18,7,14,1
18,11,3,9
18,11,3,11
18,11,3,12
18,11,3,14
18,11,3,15
18,11,3,17
18,11,6,0
18,11,6,1
18,11,3,0
18,11,3,1
18,11,3,2
18,11,3,3
18,11,3,4
18,11,3,6
18,11,3,7
18,11,3,8
18,11,1,7
18,11,1,8
18,11,1,9
18,11,1,11
18,11,1,12
18,11,1,14
18,11,1,15
18,11,1,17
18,11,0,15
18,11,0,17
18,11,1,0
18,11,1,1
18,11,1,2
18,11,1,3
18,11,1,4
18,11,1,6
18,11,8,15
18,11,8,17
18,11,14,0
18,11,14,1
18,11,14,2
18,11,14,3
18,11,14,4
18,11,14,6
18,11,8,4
18,11,8,6
18,11,8,7
18,11,8,8
18,11,8,9
18,11,8,11
18,11,8,12
18,11,8,14
18,11,6,12
18,11,6,14
18,11,6,15
18,11,6,17
18,11,8,0
18,11,8,1
18,11,8,2
18,11,8,3
18,11,6,2
18,11,6,3
18,11,6,4
18,11,6,6
18,11,6,7
18,11,6,8
18,11,6,9
18,11,6,11
19,0,1,2
19,0,1,3
19,0,1,4
19,0,1,6
19,0,1,7
19,0,1,8
19,0,1,9
19,0,1,11
19,0,0,9
19,0,0,11
19,0,0,12
19,0,0,14
19,0,0,15
19,0,0,17
19,0,1,0
19,0,1,1
19,0,0,0
19,0,0,1
19,0,0,2
19,0,0,3
19,0,0,4
19,0,0,6
19,0,0,7
19,0,0,8
18,11,14,7
18,11,14,8
18,11,14,9
18,11,14,11
18,11,14,12
18,11,14,14
18,11,14,15
18,11,14,17
19,0,6,7
19,0,6,8
19,0,6,9
19,0,6,11
19,0,6,12
19,0,6,14
19,0,6,15
19,0,6,17
19,0,3,15
19,0,3,17
19,0,6,0
19,0,6,1
19,0,6,2
19,0,6,3
19,0,6,4
19,0,6,6
19,0,3,4
19,0,3,6
19,0,3,7
19,0,3,8
19,0,3,9
19,0,3,11
19,0,3,12
19,0,3,14
19,0,1,12
19,0,1,14
19,0,1,15
19,0,1,17
19,0,3,0
19,0,3,1
19,0,3,2
19,0,3,3
19,0,14,12
19,0,14,14
19,0,14,15
19,0,14,17
19,1,0,0
19,1,0,1
19,1,0,2
19,1,0,3
19,0,14,2
19,0,14,3
19,0,14,4
19,0,14,6
19,0,14,7
19,0,14,8
19,0,14,9
19,0,14,11
19,0,8,9
19,0,8,11
19,0,8,12
19,0,8,14
19,0,8,15
19,0,8,17
19,0,14,0
19,0,14,1
19,0,8,0
19,0,8,1
19,0,8,2
19,0,8,3
19,0,8,4
19,0,8,6
19,0,8,7
19,0,8,8
19,1,3,0
19,1,3,1
19,1,3,2
19,1,3,3
19,1,3,4
19,1,3,6
19,1,3,7
19,1,3,8
19,1,1,7
19,1,1,8
19,1,1,9
19,1,1,11
19,1,1,12
19,1,1,14
19,1,1,15
19,1,1,17
19,1,0,15
19,1,0,17
19,1,1,0
19,1,1,1
19,1,1,2
19,1,1,3
19,1,1,4
19,1,1,6
19,1,0,4
19,1,0,6
19,1,0,7
19,1,0,8
19,1,0,9
19,1,0,11
19,1,0,12
19,1,0,14
19,1,8,4
19,1,8,6
19,1,8,7
19,1,8,8
19,1,8,9
19,1,8,11
19,1,8,12
19,1,8,14
19,1,6,12
19,1,6,14
19,1,6,15
19,1,6,17
19,1,8,0
19,1,8,1
19,1,8,2
19,1,8,3
19,1,6,2
19,1,6,3
19,1,6,4
19,1,6,6
19,1,6,7
19,1,6,8
19,1,6,9
19,1,6,11
19,1,3,9
19,1,3,11
19,1,3,12
19,1,3,14
19,1,3,15
19,1,3,17
19,1,6,0
19,1,6,1
19,2,0,9
19,2,0,11
19,2,0,12
19,2,0,14
19,2,0,15
19,2,0,17
19,2,1,0
19,2,1,1
19,2,0,0
19,2,0,1
19,2,0,2
19,2,0,3
19,2,0,4
19,2,0,6
19,2,0,7
19,2,0,8
19,1,14,7
19,1,14,8
19,1,14,9
19,1,14,11
19,1,14,12
19,1,14,14
19,1,14,15
19,1,14,17
19,1,8,15
19,1,8,17
19,1,14,0
19,1,14,1
19,1,14,2
19,1,14,3
19,1,14,4
19,1,14,6
19,2,3,15
19,2,3,17
19,2,6,0
19,2,6,1
19,2,6,2
19,2,6,3
19,2,6,4
19,2,6,6
19,2,3,4
19,2,3,6
19,2,3,7
19,2,3,8
19,2,3,9
19,2,3,11
19,2,3,12
19,2,3,14
19,2,1,12
19,2,1,14
19,2,1,15
19,2,1,17
19,2,3,0
19,2,3,1
19,2,3,2
19,2,3,3
19,2,1,2
19,2,1,3
19,2,1,4
19,2,1,6
19,2,1,7
19,2,1,8
19,2,1,9
19,2,1,11
19,2,14,2
19,2,14,3
19,2,14,4
19,2,14,6
19,2,14,7
19,2,14,8
19,2,14,9
19,2,14,11
19,2,8,9
19,2,8,11
19,2,8,12
19,2,8,14
19,2,8,15
19,2,8,17
19,2,14,0
19,2,14,1
19,2,8,0
19,2,8,1
19,2,8,2
19,2,8,3
19,2,8,4
19,2,8,6
19,2,8,7
19,2,8,8
19,2,6,7
19,2,6,8
19,2,6,9
19,2,6,11
19,2,6,12
19,2,6,14
19,2,6,15
19,2,6,17
19,6,1,7
19,6,1,8
19,6,1,9
19,6,1,11
19,6,1,12
19,6,1,14
19,6,1,15
19,6,1,17
19,6,0,15
19,6,0,17
19,6,1,0
19,6,1,1
19,6,1,2
19,6,1,3
19,6,1,4
19,6,1,6
19,6,0,4
19,6,0,6
19,6,0,7
19,6,0,8
19,6,0,9
19,6,0,11
19,6,0,12
19,6,0,14
19,2,14,12
19,2,14,14
19,2,14,15
19,2,14,17
19,6,0,0
19,6,0,1
19,6,0,2
19,6,0,3
19,6,6,12
19,6,6,14
19,6,6,15
19,6,6,17
19,6,8,0
19,6,8,1
19,6,8,2
19,6,8,3
19,6,6,2
19,6,6,3
19,6,6,4
19,6,6,6
19,6,6,7
19,6,6,8
19,6,6,9
19,6,6,11
19,6,3,9
19,6,3,11
19,6,3,12
19,6,3,14
19,6,3,15
19,6,3,17
19,6,6,0
19,6,6,1
19,6,3,0
19,6,3,1
19,6,3,2
19,6,3,3
19,6,3,4
19,6,3,6
19,6,3,7
19,6,3,8
19,7,0,0
19,7,0,1
19,7,0,2
19,7,0,3
19,7,0,4
19,7,0,6
19,7,0,7
19,7,0,8
19,6,14,7
19,6,14,8
19,6,14,9
19,6,14,11
19,6,14,12
19,6,14,14
19,6,14,15
19,6,14,17
19,6,8,15
19,6,8,17
19,6,14,0
19,6,14,1
19,6,14,2
19,6,14,3
19,6,14,4
19,6,14,6
19,6,8,4
19,6,8,6
19,6,8,7
19,6,8,8
19,6,8,9
19,6,8,11
19,6,8,12
19,6,8,14
19,7,3,4
19,7,3,6
19,7,3,7
19,7,3,8
19,7,3,9
19,7,3,11
19,7,3,12
19,7,3,14
19,7,1,12
19,7,1,14
19,7,1,15
19,7,1,17
19,7,3,0
19,7,3,1
19,7,3,2
19,7,3,3
19,7,1,2
19,7,1,3
19,7,1,4
19,7,1,6
19,7,1,7
19,7,1,8
19,7,1,9
19,7,1,11
19,7,0,9
19,7,0,11
19,7,0,12
19,7,0,14
19,7,0,15
19,7,0,17
19,7,1,0
19,7,1,1
19,7,8,9
19,7,8,11
19,7,8,12
19,7,8,14
19,7,8,15
19,7,8,17
19,7,14,0
19,7,14,1
19,7,8,0
19,7,8,1
19,7,8,2
19,7,8,3
19,7,8,4
19,7,8,6
19,7,8,7
19,7,8,8
19,7,6,7
19,7,6,8
19,7,6,9
19,7,6,11
19,7,6,12
19,7,6,14
19,7,6,15
19,7,6,17
19,7,3,15
19,7,3,17
19,7,6,0
19,7,6,1
19,7,6,2
19,7,6,3
19,7,6,4
19,7,6,6
19,11,0,15
19,11,0,17
19,11,1,0
19,11,1,1
19,11,1,2
19,11,1,3
19,11,1,4
19,11,1,6
19,11,0,4
19,11,0,6
19,11,0,7
19,11,0,8
19,11,0,9
19,11,0,11
19,11,0,12
19,11,0,14
19,7,14,12
19,7,14,14
19,7,14,15
19,7,14,17
19,11,0,0
19,11,0,1
19,11,0,2
19,11,0,3
19,7,14,2
19,7,14,3
19,7,14,4
19,7,14,6
19,7,14,7
19,7,14,8
19,7,14,9
19,7,14,11
19,11,14,7
19,11,14,8
19,11,14,9
19,11,14,11
19,11,14,12
19,11,14,14
19,11,14,15
3,0,1,1
19,11,8,15
19,11,8,17
19,11,14,0
19,11,14,1
19,11,14,2
19,11,14,3
19,11,14,4
19,11,14,6
19,11,8,4
19,11,8,6
19,11,8,7
19,11,8,8
19,11,8,9
19,11,8,11
19,11,8,12
19,11,8,14
19,11,6,12
19,11,6,14
19,11,6,15
19,11,6,17
19,11,8,0
19,11,8,1
19,11,8,2
19,11,8,3
3,0,3,15
3,0,3,17
3,0,6,0
3,0,6,1
3,0,6,2
3,0,6,3
3,0,6,4
3,0,6,6
3,0,3,4
3,0,3,6
3,0,3,7
3,0,3,8
3,0,3,9
3,0,3,11
3,0,3,12
3,0,3,14
3,0,1,12
3,0,1,14
3,0,1,15
3,0,1,17
3,0,3,0
3,0,3,1
3,0,3,2
3,0,3,3
3,0,1,2
3,0,1,3
3,0,1,4
3,0,1,6
3,0,1,7
3,0,1,8
3,0,1,9
3,0,1,11
